  -1.4428998e+00  -4.6014060e-01  -2.3590510e-01
  -1.4228998e+00  -4.9014060e-01  -2.3590510e-01
  -1.3728998e+00  -5.0014060e-01  -2.3590510e-01
  -1.3328998e+00  -6.1014060e-01  -2.2590510e-01
  -1.3128998e+00  -6.7014060e-01  -2.1590510e-01
  -1.2628998e+00  -6.9014060e-01  -2.1590510e-01
  -1.2228998e+00  -7.5014060e-01  -2.1590510e-01
  -1.1728998e+00  -7.6014060e-01  -2.1590510e-01
  -1.1528998e+00  -7.8014060e-01  -2.1590510e-01
  -1.1028998e+00  -8.1014060e-01  -2.0590510e-01
  -1.0328998e+00  -7.1014060e-01  -2.1590510e-01
  -1.0428998e+00  -8.9014060e-01  -2.0590510e-01
  -1.5928998e+00  -2.0014060e-01  -1.5590510e-01
  -9.8289982e-01  -8.8014060e-01  -2.0590510e-01
  -1.5528998e+00  -3.1014060e-01  -1.4590510e-01
  -9.4289982e-01  -9.1014060e-01  -2.0590510e-01
  -1.5028998e+00  -3.7014060e-01  -1.4590510e-01
  -8.6289982e-01   1.0298594e+00   2.5409490e-01
  -9.1289982e-01  -9.3014060e-01  -2.0590510e-01
  -1.4728998e+00  -3.2014060e-01  -1.4590510e-01
  -7.8289982e-01   9.7985940e-01   2.6409490e-01
  -8.4289982e-01  -9.6014060e-01  -2.0590510e-01
  -1.4028998e+00  -3.9014060e-01  -1.4590510e-01
  -7.5289982e-01   1.0198594e+00   2.5409490e-01
  -8.2289982e-01  -1.0001406e+00  -1.9590510e-01
  -1.3728998e+00  -4.0014060e-01  -1.4590510e-01
  -7.2289982e-01   9.8985940e-01   2.5409490e-01
  -1.5328998e+00  -4.1014060e-01   4.4409490e-01
  -7.9289982e-01  -9.8014060e-01  -1.9590510e-01
  -1.3528998e+00  -4.3014060e-01  -1.3590510e-01
  -6.7289982e-01   8.0985940e-01   2.6409490e-01
  -1.2628998e+00  -3.3014060e-01  -1.4590510e-01
  -6.3289982e-01   8.3985940e-01   2.6409490e-01
  -1.2428998e+00  -3.7014060e-01  -1.4590510e-01
  -6.8289982e-01  -1.0601406e+00  -1.9590510e-01
  -1.2428998e+00  -6.0014060e-01  -1.2590510e-01
  -6.0289982e-01  -1.0601406e+00  -1.9590510e-01
  -1.1828998e+00  -6.7014060e-01  -1.2590510e-01
  -5.8289982e-01  -1.0901406e+00  -1.9590510e-01
  -1.1428998e+00  -6.3014060e-01  -1.2590510e-01
  -5.6289982e-01  -1.0901406e+00  -1.9590510e-01
  -1.1228998e+00  -6.6014060e-01  -1.2590510e-01
  -2.5289982e-01   1.5298594e+00   2.2409490e-01
  -4.9289982e-01  -1.1301406e+00  -1.9590510e-01
  -1.0428998e+00  -6.5014060e-01  -1.2590510e-01
  -2.1289982e-01   1.5698594e+00   2.2409490e-01
  -4.6289982e-01  -1.1401406e+00  -1.9590510e-01
  -1.0228998e+00  -6.7014060e-01  -1.2590510e-01
  -1.8289982e-01   1.5798594e+00   2.1409490e-01
  -4.4289982e-01  -1.1501406e+00  -1.9590510e-01
  -1.0028998e+00  -6.9014060e-01  -1.2590510e-01
  -3.6289982e-01  -1.1601406e+00  -1.9590510e-01
  -9.4289982e-01  -7.8014060e-01  -1.1590510e-01
  -1.3128998e+00  -2.4014060e-01  -4.5905097e-02
  -3.4289982e-01  -1.1701406e+00  -1.9590510e-01
  -9.0289982e-01  -7.1014060e-01  -1.2590510e-01
  -1.2828998e+00  -2.4014060e-01  -4.5905097e-02
  -2.8998243e-03   1.5898594e+00   2.1409490e-01
  -2.9289982e-01  -1.1901406e+00  -1.9590510e-01
  -8.6289982e-01  -7.9014060e-01  -1.1590510e-01
  -1.2428998e+00  -3.0014060e-01  -3.5905097e-02
   4.7100176e-02   1.5398594e+00   2.1409490e-01
  -2.3289982e-01  -1.1501406e+00  -1.9590510e-01
  -8.1289982e-01  -7.9014060e-01  -1.1590510e-01
  -1.1828998e+00  -2.3014060e-01  -4.5905097e-02
   7.7100176e-02   1.5198594e+00   2.1409490e-01
  -2.1289982e-01  -1.1801406e+00  -1.9590510e-01
  -7.9289982e-01  -8.3014060e-01  -1.1590510e-01
   1.3710018e-01   1.5098594e+00   2.1409490e-01
  -1.5289982e-01  -1.1501406e+00  -1.9590510e-01
  -7.3289982e-01  -8.0014060e-01  -1.1590510e-01
  -1.1328998e+00  -4.6014060e-01  -2.5905097e-02
   1.8710018e-01   1.4698594e+00   2.1409490e-01
  -5.6289982e-01   9.0985940e-01   3.6409490e-01
  -1.1289982e-01  -1.1601406e+00  -1.9590510e-01
  -6.9289982e-01  -8.4014060e-01  -1.1590510e-01
  -1.0928998e+00  -5.2014060e-01  -2.5905097e-02
   2.3710018e-01   1.4198594e+00   2.2409490e-01
  -4.2899824e-02  -1.1001406e+00  -2.0590510e-01
  -6.5289982e-01  -9.3014060e-01  -1.0590510e-01
  -1.0528998e+00  -6.0014060e-01  -1.5905097e-02
  -2.8998243e-03  -1.0401406e+00  -2.1590510e-01
  -6.3289982e-01  -9.8014060e-01  -1.0590510e-01
  -1.0328998e+00  -6.6014060e-01  -1.5905097e-02
   6.7100176e-02  -9.8014060e-01  -2.1590510e-01
  -5.9289982e-01  -1.0101406e+00  -1.0590510e-01
  -9.9289982e-01  -7.2014060e-01  -1.5905097e-02
  -2.3289982e-01   1.5698594e+00   3.3409490e-01
   1.1710018e-01  -9.7014060e-01  -2.2590510e-01
  -5.2289982e-01  -9.1014060e-01  -1.1590510e-01
  -9.4289982e-01  -7.2014060e-01  -1.5905097e-02
  -2.0289982e-01   1.5498594e+00   3.3409490e-01
   1.8710018e-01  -8.1014060e-01  -2.3590510e-01
  -4.8289982e-01  -8.6014060e-01  -1.1590510e-01
  -9.1289982e-01  -7.1014060e-01  -1.5905097e-02
  -1.4289982e-01   1.5598594e+00   3.3409490e-01
   2.6710018e-01  -6.7014060e-01  -2.5590510e-01
  -4.6289982e-01  -1.0201406e+00  -1.0590510e-01
  -8.6289982e-01  -7.5014060e-01  -1.5905097e-02
  -8.2899824e-02   1.5798594e+00   3.2409490e-01
   3.4710018e-01  -5.8014060e-01  -2.6590510e-01
  -4.2289982e-01  -1.0701406e+00  -1.0590510e-01
  -8.2289982e-01  -7.9014060e-01  -5.9050967e-03
   3.8710018e-01  -5.1014060e-01  -2.6590510e-01
  -3.9289982e-01  -1.0701406e+00  -1.0590510e-01
  -8.1289982e-01  -8.8014060e-01  -5.9050967e-03
   5.4710018e-01  -2.2014060e-01  -2.9590510e-01
  -3.0289982e-01  -1.0101406e+00  -1.1590510e-01
  -7.4289982e-01  -9.3014060e-01   4.0949033e-03
  -1.3628998e+00  -1.4014060e-01   2.4094903e-02
   5.2710018e-01   7.0985940e-01   2.5409490e-01
   5.8710018e-01  -1.5014060e-01  -3.0590510e-01
  -2.8289982e-01  -1.0101406e+00  -1.1590510e-01
  -7.1289982e-01  -9.4014060e-01   4.0949033e-03
  -1.3328998e+00  -1.5014060e-01   2.4094903e-02
   5.5710018e-01   7.4985940e-01   2.5409490e-01
   8.7100176e-02   1.5198594e+00   3.2409490e-01
   6.5710018e-01  -1.4059754e-04  -3.2590510e-01
  -2.5289982e-01  -1.0001406e+00  -1.1590510e-01
  -6.9289982e-01  -9.4014060e-01  -5.9050967e-03
  -1.3228998e+00  -2.1014060e-01   3.4094903e-02
   1.7710018e-01   1.4898594e+00   3.2409490e-01
   7.7710018e-01   1.4985940e-01  -3.3590510e-01
  -2.0289982e-01  -1.1401406e+00  -1.0590510e-01
  -6.1289982e-01  -9.1014060e-01  -5.9050967e-03
  -1.2428998e+00  -2.7014060e-01   3.4094903e-02
   4.8710018e-01  -6.0140598e-02   2.9409490e-01
   1.9710018e-01   1.4698594e+00   3.3409490e-01
  -1.7289982e-01  -1.1301406e+00  -1.0590510e-01
  -5.9289982e-01  -9.5014060e-01  -5.9050967e-03
  -1.2228998e+00  -2.9014060e-01   3.4094903e-02
   5.1710018e-01  -2.0140598e-02   2.9409490e-01
   2.2710018e-01   1.4598594e+00   3.3409490e-01
   8.9710018e-01   3.8985940e-01  -3.6590510e-01
  -1.4289982e-01  -1.1201406e+00  -1.0590510e-01
  -5.6289982e-01  -9.6014060e-01  -5.9050967e-03
  -1.2028998e+00  -3.4014060e-01   3.4094903e-02
  -1.3728998e+00  -4.0140598e-02  -5.9590510e-01
   5.9710018e-01  -4.0140598e-02   2.9409490e-01
  -5.2899824e-02  -1.0501406e+00  -1.1590510e-01
  -4.9289982e-01  -1.0001406e+00   4.0949033e-03
  -1.1428998e+00  -4.8014060e-01   4.4094903e-02
  -1.3428998e+00  -5.0140598e-02  -5.8590510e-01
   6.4710018e-01   2.9859402e-02   2.8409490e-01
  -1.2899824e-02  -1.0001406e+00  -1.1590510e-01
  -5.0289982e-01   1.0198594e+00   4.7409490e-01
  -4.7289982e-01  -1.0001406e+00   4.0949033e-03
  -1.1328998e+00  -5.3014060e-01   5.4094903e-02
  -1.3228998e+00  -6.0140598e-02  -5.8590510e-01
   6.5710018e-01  -2.0140598e-02   2.9409490e-01
   1.1671002e+00   8.5985940e-01  -4.0590510e-01
   2.7100176e-02  -9.3014060e-01  -1.2590510e-01
  -4.6289982e-01   1.0598594e+00   4.6409490e-01
  -4.5289982e-01  -1.0601406e+00   4.0949033e-03
  -1.1028998e+00  -5.4014060e-01   5.4094903e-02
  -1.2328998e+00  -2.0140598e-02  -5.9590510e-01
   7.3710018e-01  -3.0140598e-02   2.9409490e-01
   1.4710018e-01  -7.6014060e-01  -1.4590510e-01
  -3.8289982e-01  -1.0801406e+00   4.0949033e-03
  -1.0328998e+00  -6.1014060e-01   5.4094903e-02
  -1.1928998e+00   5.9859402e-02  -6.0590510e-01
   1.3771002e+00   1.1698594e+00  -4.4590510e-01
   1.9710018e-01  -6.8014060e-01  -1.4590510e-01
  -3.4289982e-01  -1.0001406e+00  -5.9050967e-03
  -1.0128998e+00  -6.2014060e-01   5.4094903e-02
  -1.1528998e+00   1.6985940e-01  -6.1590510e-01
   1.4471002e+00   1.2998594e+00  -4.5590510e-01
   2.4710018e-01  -5.6014060e-01  -1.6590510e-01
  -2.3289982e-01   1.5398594e+00   4.4409490e-01
  -3.1289982e-01  -9.9014060e-01  -5.9050967e-03
  -9.9289982e-01  -6.4014060e-01   5.4094903e-02
   1.5871002e+00   1.4698594e+00  -4.7590510e-01
   3.8710018e-01  -3.4014060e-01  -1.8590510e-01
  -1.4289982e-01   1.5498594e+00   4.4409490e-01
  -2.4289982e-01  -1.0401406e+00  -5.9050967e-03
  -9.1289982e-01  -6.8014060e-01   5.4094903e-02
   1.1771002e+00   9.4985940e-01   2.3409490e-01
   1.6471002e+00   1.5898594e+00  -4.8590510e-01
   4.3710018e-01  -2.6014060e-01  -1.8590510e-01
  -2.2289982e-01  -1.0501406e+00  -5.9050967e-03
  -9.0289982e-01  -7.3014060e-01   6.4094903e-02
   1.2571002e+00   1.0298594e+00   2.2409490e-01
   5.4710018e-01   7.5985940e-01   3.5409490e-01
   1.7371002e+00   1.6698594e+00  -4.9590510e-01
   5.0710018e-01  -1.9014060e-01  -1.9590510e-01
  -1.5289982e-01  -1.0101406e+00  -5.9050967e-03
  -8.4289982e-01  -7.3014060e-01   6.4094903e-02
   1.3771002e+00   1.2498594e+00   2.1409490e-01
   6.0710018e-01   7.6985940e-01   3.5409490e-01
   6.0710018e-01  -1.0140598e-02  -2.1590510e-01
  -1.0289982e-01  -9.8014060e-01  -5.9050967e-03
  -8.0289982e-01  -7.8014060e-01   6.4094903e-02
   1.4371002e+00   1.3298594e+00   2.0409490e-01
   6.4710018e-01   8.1985940e-01   3.5409490e-01
   6.6710018e-01   1.0985940e-01  -2.2590510e-01
   4.7100176e-02   1.5598594e+00   4.4409490e-01
  -8.2899824e-02  -1.0101406e+00  -5.9050967e-03
  -7.7289982e-01  -7.6014060e-01   6.4094903e-02
   1.5271002e+00   1.4498594e+00   1.9409490e-01
   7.5710018e-01   2.3985940e-01  -2.3590510e-01
   8.7100176e-02   1.4698594e+00   4.4409490e-01
  -4.2899824e-02  -1.1001406e+00  -5.9050967e-03
  -7.3289982e-01  -8.2014060e-01   6.4094903e-02
  -1.5028998e+00  -4.0014060e-01  -4.3590510e-01
   1.6571002e+00   1.6998594e+00   1.8409490e-01
   5.7710018e-01   8.9859402e-02   3.9409490e-01
   8.6710018e-01   4.1985940e-01  -2.5590510e-01
   1.2710018e-01   1.3898594e+00   4.4409490e-01
  -6.8289982e-01  -8.5014060e-01   6.4094903e-02
  -1.4628998e+00  -4.9014060e-01  -4.2590510e-01
   1.7771002e+00   1.8598594e+00   1.6409490e-01
   9.3710018e-01   4.8985940e-01  -2.6590510e-01
  -6.3289982e-01  -8.7014060e-01   6.4094903e-02
  -1.1928998e+00  -5.0140598e-02   1.1409490e-01
  -1.4328998e+00  -4.5014060e-01  -4.3590510e-01
   9.9710018e-01   5.9985940e-01  -2.7590510e-01
  -6.1289982e-01  -8.5014060e-01   6.4094903e-02
  -1.1728998e+00  -1.0014060e-01   1.2409490e-01
  -1.3828998e+00  -5.0014060e-01  -4.2590510e-01
   1.1171002e+00   8.1985940e-01  -2.9590510e-01
  -5.6289982e-01  -8.8014060e-01   6.4094903e-02
  -1.1228998e+00  -1.6014060e-01   1.2409490e-01
  -1.3328998e+00  -5.3014060e-01  -4.2590510e-01
   1.2071002e+00   9.1985940e-01  -3.0590510e-01
  -4.2289982e-01   1.0198594e+00   5.7409490e-01
   2.1710018e-01  -9.7014060e-01  -1.5905097e-02
  -5.1289982e-01  -8.8014060e-01   6.4094903e-02
  -1.0828998e+00  -2.0014060e-01   1.2409490e-01
  -1.3128998e+00  -5.7014060e-01  -4.2590510e-01
   1.2771002e+00   1.0598594e+00  -3.1590510e-01
  -3.9289982e-01   1.0398594e+00   5.7409490e-01
   2.5710018e-01  -9.0014060e-01  -2.5905097e-02
  -4.8289982e-01  -8.8014060e-01   6.4094903e-02
  -1.0528998e+00  -2.1014060e-01   1.2409490e-01
  -1.2728998e+00  -6.5014060e-01  -4.1590510e-01
   1.4071002e+00   1.2998594e+00  -3.4590510e-01
  -3.3289982e-01   1.0298594e+00   5.7409490e-01
   4.1710018e-01  -4.8014060e-01  -5.5905097e-02
  -4.3289982e-01  -8.9014060e-01   6.4094903e-02
  -1.0128998e+00  -3.0014060e-01   1.3409490e-01
  -1.2228998e+00  -6.7014060e-01  -4.1590510e-01
   1.5071002e+00   1.4298594e+00  -3.5590510e-01
  -2.7289982e-01   1.0198594e+00   5.7409490e-01
   4.6710018e-01  -5.1014060e-01  -5.5905097e-02
  -3.7289982e-01  -8.7014060e-01   6.4094903e-02
  -9.7289982e-01  -3.8014060e-01   1.3409490e-01
  -1.2028998e+00  -7.1014060e-01  -4.0590510e-01
   1.5471002e+00   1.4698594e+00  -3.6590510e-01
  -2.5289982e-01   1.0098594e+00   5.7409490e-01
   4.8710018e-01  -5.5014060e-01  -5.5905097e-02
  -3.5289982e-01  -8.8014060e-01   6.4094903e-02
  -9.4289982e-01  -3.7014060e-01   1.3409490e-01
  -1.1328998e+00  -7.6014060e-01  -4.0590510e-01
   1.7171002e+00   1.7398594e+00  -3.8590510e-01
   4.6710018e-01   7.7985940e-01   4.6409490e-01
  -1.7289982e-01   9.5985940e-01   5.7409490e-01
   5.9710018e-01  -4.4014060e-01  -6.5905097e-02
  -2.7289982e-01  -9.0014060e-01   6.4094903e-02
  -8.9289982e-01  -5.2014060e-01   1.4409490e-01
  -1.1028998e+00  -7.4014060e-01  -4.0590510e-01
   1.4271002e+00   1.3698594e+00   3.1409490e-01
   1.7871002e+00   1.8698594e+00  -3.9590510e-01
   4.8710018e-01   7.3985940e-01   4.6409490e-01
  -1.4289982e-01   9.3985940e-01   5.7409490e-01
   6.4710018e-01  -3.3014060e-01  -7.5905097e-02
  -2.5289982e-01  -9.0014060e-01   6.4094903e-02
  -8.9289982e-01  -7.0014060e-01   1.5409490e-01
  -1.0928998e+00  -8.1014060e-01  -4.0590510e-01
   1.4971002e+00   1.4998594e+00   3.0409490e-01
   1.8771002e+00   2.0598594e+00  -4.1590510e-01
   5.1710018e-01   7.4985940e-01   4.6409490e-01
  -1.2289982e-01   9.0985940e-01   5.7409490e-01
   7.0710018e-01  -2.2014060e-01  -8.5905097e-02
  -2.3289982e-01  -9.3014060e-01   6.4094903e-02
  -8.7289982e-01  -7.2014060e-01   1.5409490e-01
  -1.0128998e+00  -8.1014060e-01  -4.0590510e-01
   1.6371002e+00   1.6698594e+00   2.9409490e-01
   6.0710018e-01   7.4985940e-01   4.6409490e-01
  -4.2899824e-02   8.5985940e-01   5.7409490e-01
   8.5710018e-01   1.9859402e-02  -1.0590510e-01
  -1.5289982e-01  -9.2014060e-01   6.4094903e-02
  -7.6289982e-01  -5.4014060e-01   1.4409490e-01
  -9.9289982e-01  -8.4014060e-01  -4.0590510e-01
  -1.4928998e+00  -3.8014060e-01  -3.2590510e-01
   1.6971002e+00   1.7798594e+00   2.9409490e-01
  -2.2899824e-02   8.1985940e-01   5.8409490e-01
   9.1710018e-01   1.5985940e-01  -1.1590510e-01
  -1.2289982e-01  -9.2014060e-01   6.4094903e-02
  -7.4289982e-01  -6.0014060e-01   1.4409490e-01
  -9.7289982e-01  -9.1014060e-01  -3.9590510e-01
  -1.4728998e+00  -4.3014060e-01  -3.2590510e-01
   1.7671002e+00   1.8998594e+00   2.8409490e-01
   5.5710018e-01   2.7985940e-01   4.8409490e-01
   9.7710018e-01   2.4985940e-01  -1.2590510e-01
  -1.1289982e-01  -9.9014060e-01   6.4094903e-02
  -7.0289982e-01  -5.0014060e-01   1.4409490e-01
  -2.8289982e-01  -8.0014060e-01  -5.3590510e-01
  -9.0289982e-01  -9.5014060e-01  -3.9590510e-01
  -1.4028998e+00  -4.8014060e-01  -3.2590510e-01
   1.9371002e+00   2.1598594e+00   2.6409490e-01
   5.7100176e-02   6.6985940e-01   5.8409490e-01
   1.0971002e+00   3.8985940e-01  -1.4590510e-01
  -6.6289982e-01  -7.1014060e-01   1.5409490e-01
  -2.6289982e-01  -8.4014060e-01  -5.2590510e-01
  -8.8289982e-01  -9.8014060e-01  -3.8590510e-01
  -1.3728998e+00  -4.7014060e-01  -3.2590510e-01
   2.0271002e+00   2.3498594e+00   2.5409490e-01
   8.7100176e-02   6.8985940e-01   5.8409490e-01
   1.1571002e+00   5.0985940e-01  -1.5590510e-01
  -2.8998243e-03  -9.7014060e-01   6.4094903e-02
  -6.4289982e-01  -7.5014060e-01   1.5409490e-01
  -2.4289982e-01  -8.5014060e-01  -5.2590510e-01
  -8.6289982e-01  -9.7014060e-01  -3.9590510e-01
  -1.3528998e+00  -4.9014060e-01  -3.2590510e-01
   1.2710018e-01   7.0985940e-01   5.8409490e-01
   4.7100176e-02  -8.8014060e-01   5.4094903e-02
  -6.0289982e-01  -7.0014060e-01   1.5409490e-01
  -1.7289982e-01  -9.0014060e-01  -5.2590510e-01
  -7.8289982e-01  -1.0001406e+00  -3.8590510e-01
  -1.2828998e+00  -5.6014060e-01  -3.1590510e-01
   2.0710018e-01   6.7985940e-01   5.8409490e-01
   1.3371002e+00   7.0985940e-01  -1.7590510e-01
   1.4710018e-01  -7.7014060e-01   4.4094903e-02
  -5.3289982e-01  -7.2014060e-01   1.5409490e-01
  -1.3289982e-01  -8.7014060e-01  -5.2590510e-01
  -7.6289982e-01  -1.0201406e+00  -3.8590510e-01
  -1.2628998e+00  -5.6014060e-01  -3.1590510e-01
   2.3710018e-01   6.7985940e-01   5.8409490e-01
   1.3971002e+00   8.2985940e-01  -1.8590510e-01
   1.9710018e-01  -7.0014060e-01   3.4094903e-02
  -5.0289982e-01  -7.2014060e-01   1.5409490e-01
  -9.6289982e-01   3.6985940e-01   2.2409490e-01
  -1.0289982e-01  -8.5014060e-01  -5.3590510e-01
  -7.4289982e-01  -1.0201406e+00  -3.8590510e-01
  -1.2428998e+00  -5.9014060e-01  -3.1590510e-01
   2.5710018e-01   6.5985940e-01   5.8409490e-01
   1.4671002e+00   9.6985940e-01  -1.9590510e-01
   2.3710018e-01  -6.4014060e-01   3.4094903e-02
  -4.7289982e-01  -6.9014060e-01   1.4409490e-01
  -9.5289982e-01   2.6985940e-01   2.3409490e-01
  -1.2899824e-02  -8.0014060e-01  -5.4590510e-01
  -6.7289982e-01  -1.0701406e+00  -3.8590510e-01
  -1.1628998e+00  -6.3014060e-01  -3.1590510e-01
   3.3710018e-01   6.4985940e-01   5.8409490e-01
   1.6671002e+00   1.3398594e+00  -2.2590510e-01
   3.6710018e-01  -4.4014060e-01   1.4094903e-02
  -4.0289982e-01  -7.5014060e-01   1.5409490e-01
  -8.9289982e-01   1.2985940e-01   2.4409490e-01
   1.7100176e-02  -8.0014060e-01  -5.4590510e-01
  -6.5289982e-01  -1.1001406e+00  -3.8590510e-01
  -1.1428998e+00  -6.8014060e-01  -3.0590510e-01
   3.7710018e-01   6.8985940e-01   5.7409490e-01
   1.7371002e+00   1.4798594e+00  -2.3590510e-01
   4.0710018e-01  -3.7014060e-01   1.4094903e-02
  -2.2289982e-01   1.2898594e+00   6.7409490e-01
  -3.8289982e-01  -7.6014060e-01   1.5409490e-01
  -8.7289982e-01   7.9859402e-02   2.4409490e-01
   5.7100176e-02  -8.2014060e-01  -5.4590510e-01
  -5.9289982e-01  -1.0701406e+00  -3.8590510e-01
  -1.1028998e+00  -7.1014060e-01  -3.0590510e-01
   4.3710018e-01   6.6985940e-01   5.7409490e-01
   1.8271002e+00   1.5698594e+00  -2.4590510e-01
   4.8710018e-01  -2.9014060e-01   4.0949033e-03
  -1.6289982e-01   1.2998594e+00   6.7409490e-01
  -3.2289982e-01  -7.5014060e-01   1.5409490e-01
  -8.3289982e-01  -1.0140598e-02   2.4409490e-01
   1.3710018e-01  -7.4014060e-01  -5.5590510e-01
  -5.5289982e-01  -1.1001406e+00  -3.8590510e-01
  -1.0628998e+00  -8.0014060e-01  -2.9590510e-01
   4.8710018e-01   6.3985940e-01   5.8409490e-01
   1.9471002e+00   1.7398594e+00  -2.6590510e-01
   5.8710018e-01  -1.1014060e-01  -1.5905097e-02
  -1.2289982e-01   1.1998594e+00   6.7409490e-01
  -2.7289982e-01  -7.4014060e-01   1.4409490e-01
  -7.8289982e-01  -6.0140598e-02   2.5409490e-01
   1.9710018e-01  -5.7014060e-01  -5.7590510e-01
  -4.8289982e-01  -9.0014060e-01  -4.0590510e-01
  -1.0528998e+00  -8.8014060e-01  -2.8590510e-01
   5.0710018e-01   6.1985940e-01   5.8409490e-01
   2.0371002e+00   1.9398594e+00  -2.8590510e-01
   6.3710018e-01  -2.0140598e-02  -1.5905097e-02
  -1.0289982e-01   1.1498594e+00   6.7409490e-01
  -2.5289982e-01  -7.7014060e-01   1.5409490e-01
  -7.6289982e-01  -9.0140598e-02   2.5409490e-01
   2.6710018e-01  -5.4014060e-01  -5.7590510e-01
  -1.0128998e+00  -9.4014060e-01  -2.8590510e-01
   5.5710018e-01   5.7985940e-01   5.8409490e-01
   2.1471002e+00   2.0898594e+00  -2.9590510e-01
   7.2710018e-01   8.9859402e-02  -2.5905097e-02
  -5.2899824e-02   1.1098594e+00   6.7409490e-01
  -1.8289982e-01  -7.1014060e-01   1.4409490e-01
  -7.1289982e-01  -1.3014060e-01   2.5409490e-01
  -4.1289982e-01  -1.0801406e+00  -3.8590510e-01
  -9.6289982e-01  -9.6014060e-01  -2.8590510e-01
   5.7710018e-01   4.3985940e-01   5.8409490e-01
   8.3710018e-01   2.8985940e-01  -4.5905097e-02
  -1.2899824e-02   1.0398594e+00   6.8409490e-01
  -1.3289982e-01  -7.4014060e-01   1.4409490e-01
  -6.6289982e-01  -1.4014060e-01   2.5409490e-01
  -3.9289982e-01  -1.1201406e+00  -3.8590510e-01
  -9.3289982e-01  -9.7014060e-01  -2.8590510e-01
   1.8271002e+00   2.3398594e+00   3.8409490e-01
   5.9710018e-01   3.9985940e-01   5.8409490e-01
   8.9710018e-01   3.9985940e-01  -5.5905097e-02
   1.7100176e-02   1.0298594e+00   6.8409490e-01
  -1.0289982e-01  -7.3014060e-01   1.4409490e-01
  -6.5289982e-01  -2.0014060e-01   2.5409490e-01
  -3.5289982e-01  -1.1401406e+00  -3.8590510e-01
  -8.9289982e-01  -9.9014060e-01  -2.8590510e-01
   1.8971002e+00   2.3398594e+00   3.7409490e-01
   6.6710018e-01   4.4985940e-01   5.8409490e-01
   9.7710018e-01   4.8985940e-01  -6.5905097e-02
   6.7100176e-02   9.5985940e-01   6.8409490e-01
  -5.2899824e-02  -7.0014060e-01   1.4409490e-01
  -5.9289982e-01  -2.1014060e-01   2.5409490e-01
  -2.9289982e-01  -1.1201406e+00  -3.8590510e-01
  -8.4289982e-01  -1.0301406e+00  -2.7590510e-01
   1.0971002e+00   6.9985940e-01  -8.5905097e-02
   1.1710018e-01   9.2985940e-01   6.8409490e-01
  -3.2899824e-02  -8.7014060e-01   1.5409490e-01
  -5.4289982e-01  -2.3014060e-01   2.5409490e-01
  -2.6289982e-01  -1.2101406e+00  -3.8590510e-01
  -7.7289982e-01  -9.2014060e-01  -2.9590510e-01
   1.1671002e+00   7.3985940e-01  -8.5905097e-02
   1.6710018e-01   8.9985940e-01   6.8409490e-01
   3.7100176e-02  -7.9014060e-01   1.4409490e-01
  -4.9289982e-01  -2.5014060e-01   2.5409490e-01
  -2.4289982e-01  -1.2301406e+00  -3.7590510e-01
  -7.5289982e-01  -9.6014060e-01  -2.8590510e-01
   1.2271002e+00   8.5985940e-01  -9.5905097e-02
   1.8710018e-01   8.7985940e-01   6.8409490e-01
   8.7100176e-02  -7.1014060e-01   1.4409490e-01
  -4.7289982e-01  -2.7014060e-01   2.5409490e-01
  -7.1289982e-01  -9.9014060e-01  -2.8590510e-01
   1.3471002e+00   1.0898594e+00  -1.1590510e-01
   2.4710018e-01   8.5985940e-01   6.8409490e-01
   1.5710018e-01  -6.0014060e-01   1.3409490e-01
  -4.2289982e-01  -2.7014060e-01   2.5409490e-01
  -6.6289982e-01  -1.0001406e+00  -2.8590510e-01
   1.4371002e+00   1.1998594e+00  -1.2590510e-01
   2.9710018e-01   8.2985940e-01   6.8409490e-01
   2.2710018e-01  -5.5014060e-01   1.2409490e-01
  -3.6289982e-01  -2.7014060e-01   2.5409490e-01
  -9.2899824e-02  -1.1401406e+00  -3.9590510e-01
  -6.4289982e-01  -1.0501406e+00  -2.8590510e-01
   1.5071002e+00   1.3198594e+00  -1.3590510e-01
   3.2710018e-01   8.1985940e-01   6.8409490e-01
   2.6710018e-01  -5.0014060e-01   1.2409490e-01
  -3.4289982e-01  -3.0014060e-01   2.5409490e-01
   7.1001757e-03  -1.0601406e+00  -4.0590510e-01
  -5.7289982e-01  -1.0701406e+00  -2.8590510e-01
   1.3171002e+00   1.4398594e+00   5.3409490e-01
   1.6771002e+00   1.5698594e+00  -1.5590510e-01
   4.0710018e-01   7.9985940e-01   6.8409490e-01
   3.8710018e-01  -3.4014060e-01   1.1409490e-01
  -2.6289982e-01  -3.2014060e-01   2.5409490e-01
   4.7100176e-02  -1.0101406e+00  -4.0590510e-01
  -5.4289982e-01  -1.0701406e+00  -2.8590510e-01
   1.3971002e+00   1.5998594e+00   5.3409490e-01
   1.7371002e+00   1.6898594e+00  -1.6590510e-01
   4.2710018e-01   7.4985940e-01   6.8409490e-01
   4.1710018e-01  -3.2014060e-01   1.0409490e-01
  -2.4289982e-01  -3.3014060e-01   2.5409490e-01
   7.7100176e-02  -9.6014060e-01  -4.1590510e-01
  -5.2289982e-01  -1.1001406e+00  -2.8590510e-01
   1.8171002e+00   1.8498594e+00  -1.7590510e-01
   4.6710018e-01   7.8985940e-01   6.8409490e-01
   4.5710018e-01  -2.8014060e-01   1.0409490e-01
  -2.1289982e-01  -3.3014060e-01   2.5409490e-01
   2.1710018e-01  -7.2014060e-01  -4.4590510e-01
  -4.5289982e-01  -1.1201406e+00  -2.8590510e-01
   1.9671002e+00   2.0298594e+00  -1.9590510e-01
   5.3710018e-01   7.3985940e-01   6.8409490e-01
   5.6710018e-01  -1.7014060e-01   9.4094903e-02
  -1.3289982e-01  -3.4014060e-01   2.5409490e-01
   2.6710018e-01  -6.2014060e-01  -4.5590510e-01
  -4.2289982e-01  -1.1101406e+00  -2.8590510e-01
   1.7071002e+00   2.1598594e+00   5.0409490e-01
   2.0671002e+00   2.2598594e+00  -2.1590510e-01
   5.6710018e-01   7.1985940e-01   6.8409490e-01
   6.1710018e-01  -7.0140598e-02   8.4094903e-02
  -1.0289982e-01  -3.2014060e-01   2.5409490e-01
   3.1710018e-01  -5.4014060e-01  -4.6590510e-01
  -4.0289982e-01  -1.1201406e+00  -2.8590510e-01
   1.7571002e+00   2.2198594e+00   5.0409490e-01
   5.9710018e-01   7.2985940e-01   6.8409490e-01
   6.9710018e-01   1.0985940e-01   7.4094903e-02
  -8.2899824e-02  -3.7014060e-01   2.5409490e-01
   4.7710018e-01  -2.2014060e-01  -5.0590510e-01
  -3.2289982e-01  -1.1501406e+00  -2.8590510e-01
   6.7710018e-01   7.1985940e-01   6.8409490e-01
   8.3710018e-01   3.3985940e-01   5.4094903e-02
  -2.8998243e-03  -3.6014060e-01   2.5409490e-01
  -3.0289982e-01  -1.1501406e+00  -2.8590510e-01
   7.1710018e-01   7.4985940e-01   6.8409490e-01
   8.9710018e-01   4.4985940e-01   4.4094903e-02
   1.7100176e-02  -3.8014060e-01   2.5409490e-01
  -2.7289982e-01  -1.1501406e+00  -2.8590510e-01
   7.6710018e-01   8.1985940e-01   6.7409490e-01
   9.4710018e-01   5.2985940e-01   4.4094903e-02
   4.7100176e-02  -3.7014060e-01   2.5409490e-01
  -1.9289982e-01  -1.1501406e+00  -2.8590510e-01
   9.0710018e-01   1.0298594e+00   6.6409490e-01
   1.0671002e+00   6.5985940e-01   3.4094903e-02
   1.3710018e-01  -3.6014060e-01   2.5409490e-01
  -1.8289982e-01  -1.1901406e+00  -2.8590510e-01
   9.5710018e-01   1.1298594e+00   6.6409490e-01
   1.1471002e+00   8.1985940e-01   1.4094903e-02
   1.5710018e-01  -3.6014060e-01   2.5409490e-01
   1.0171002e+00   1.2398594e+00   6.6409490e-01
   1.1871002e+00   8.6985940e-01   1.4094903e-02
   1.8710018e-01  -3.5014060e-01   2.5409490e-01
  -5.2899824e-02  -1.1001406e+00  -2.9590510e-01
   1.1771002e+00   1.4798594e+00   6.5409490e-01
   1.3671002e+00   1.2098594e+00  -1.5905097e-02
   2.7710018e-01  -3.3014060e-01   2.4409490e-01
  -2.2899824e-02  -1.0601406e+00  -2.9590510e-01
   1.2371002e+00   1.6098594e+00   6.4409490e-01
   1.4371002e+00   1.3498594e+00  -2.5905097e-02
   3.0710018e-01  -3.1014060e-01   2.4409490e-01
   4.7100176e-02  -1.0001406e+00  -3.0590510e-01
   1.3271002e+00   1.7198594e+00   6.4409490e-01
   1.5271002e+00   1.4298594e+00  -2.5905097e-02
   3.7710018e-01  -2.5014060e-01   2.4409490e-01
   1.3710018e-01  -8.5014060e-01  -3.2590510e-01
   1.4571002e+00   1.9598594e+00   6.3409490e-01
   1.6571002e+00   1.6698594e+00  -4.5905097e-02
   4.7710018e-01  -1.0014060e-01   2.3409490e-01
   1.8710018e-01  -7.4014060e-01  -3.3590510e-01
   1.5371002e+00   2.1298594e+00   6.2409490e-01
   1.7171002e+00   1.7698594e+00  -5.5905097e-02
   5.2710018e-01   1.9859402e-02   2.2409490e-01
   2.6710018e-01  -6.5014060e-01  -3.4590510e-01
   1.7971002e+00   1.8398594e+00  -6.5905097e-02
   5.9710018e-01   4.9859402e-02   2.2409490e-01
   3.5710018e-01  -4.8014060e-01  -3.6590510e-01
   2.0171002e+00   2.3798594e+00  -1.0590510e-01
   7.0710018e-01   2.4985940e-01   2.0409490e-01
   3.9710018e-01  -4.4014060e-01  -3.6590510e-01
   7.4710018e-01   3.2985940e-01   2.0409490e-01
   4.8710018e-01  -3.1014060e-01  -3.7590510e-01
   8.3710018e-01   4.3985940e-01   1.9409490e-01
   5.9710018e-01  -7.0140598e-02  -4.0590510e-01
   9.3710018e-01   5.8985940e-01   1.8409490e-01
   6.7710018e-01  -1.4059754e-04  -4.1590510e-01
   1.0271002e+00   6.9985940e-01   1.7409490e-01
   7.3710018e-01   1.1985940e-01  -4.2590510e-01
   1.0671002e+00   7.3985940e-01   1.7409490e-01
   8.5710018e-01   3.4985940e-01  -4.5590510e-01
   1.1871002e+00   9.3985940e-01   1.5409490e-01
   9.2710018e-01   4.0985940e-01  -4.5590510e-01
   1.2871002e+00   1.0998594e+00   1.4409490e-01
   9.9710018e-01   5.4985940e-01  -4.7590510e-01
   1.3571002e+00   1.2298594e+00   1.3409490e-01
   1.1571002e+00   8.2985940e-01  -5.0590510e-01
   1.5171002e+00   1.4698594e+00   1.2409490e-01
   1.2771002e+00   1.1298594e+00  -5.3590510e-01
   1.5671002e+00   1.5498594e+00   1.1409490e-01
   1.3871002e+00   1.4298594e+00  -5.6590510e-01
   1.6371002e+00   1.6798594e+00   1.0409490e-01
   1.4871002e+00   1.4598594e+00  -5.7590510e-01
   1.8171002e+00   1.9598594e+00   8.4094903e-02
   1.5371002e+00   1.5098594e+00  -5.7590510e-01
   1.9171002e+00   2.1898594e+00   7.4094903e-02
   1.5771002e+00   1.5398594e+00  -5.8590510e-01
   2.0271002e+00   2.4698594e+00   5.4094903e-02
   1.6571002e+00   1.5098594e+00  -5.8590510e-01
   1.7371002e+00   1.6498594e+00  -5.9590510e-01
   1.7771002e+00   1.6898594e+00  -6.0590510e-01
