  -1.4493038e+00  -4.1990506e-01  -1.7162975e-01
  -1.4293038e+00  -4.4990506e-01  -1.7162975e-01
  -1.3793038e+00  -4.6990506e-01  -1.7162975e-01
  -1.3393038e+00  -5.2990506e-01  -1.6162975e-01
  -1.2893038e+00  -5.2990506e-01  -1.6162975e-01
  -1.2593038e+00  -5.1990506e-01  -1.7162975e-01
  -1.2193038e+00  -6.2990506e-01  -1.6162975e-01
  -1.1793038e+00  -6.5990506e-01  -1.5162975e-01
  -1.1593038e+00  -6.6990506e-01  -1.5162975e-01
  -1.0893038e+00  -6.9990506e-01  -1.5162975e-01
  -1.0693038e+00  -7.4990506e-01  -1.5162975e-01
  -1.0393038e+00  -7.5990506e-01  -1.5162975e-01
  -9.7930380e-01  -8.0990506e-01  -1.4162975e-01
  -1.5293038e+00  -2.4990506e-01  -9.1629747e-02
  -9.5930380e-01  -8.1990506e-01  -1.4162975e-01
  -1.4993038e+00  -2.5990506e-01  -9.1629747e-02
  -9.2930380e-01  -8.0990506e-01  -1.4162975e-01
  -1.4593038e+00  -1.4990506e-01  -1.0162975e-01
  -1.5693038e+00  -2.2990506e-01   4.6837025e-01
  -6.0930380e-01   8.5009494e-01  -3.0162975e-01
  -1.3893038e+00  -1.9990506e-01  -1.0162975e-01
  -8.4930380e-01  -9.1990506e-01  -1.4162975e-01
  -1.3593038e+00  -1.5990506e-01  -1.0162975e-01
  -8.2930380e-01  -9.4990506e-01  -1.3162975e-01
  -7.5930380e-01  -9.5990506e-01  -1.3162975e-01
  -1.2793038e+00  -3.0990506e-01  -9.1629747e-02
  -7.0930380e-01   8.6009494e-01   2.9837025e-01
  -7.3930380e-01  -9.8990506e-01  -1.3162975e-01
  -1.2593038e+00  -3.2990506e-01  -9.1629747e-02
  -6.6930380e-01   8.9009494e-01   2.9837025e-01
  -7.0930380e-01  -9.8990506e-01  -1.3162975e-01
  -1.2493038e+00  -4.7990506e-01  -7.1629747e-02
  -6.2930380e-01  -9.1990506e-01  -1.4162975e-01
  -1.1993038e+00  -6.0990506e-01  -6.1629747e-02
  -6.1930380e-01  -1.0299051e+00  -1.3162975e-01
  -1.1593038e+00  -5.5990506e-01  -7.1629747e-02
  -5.6930380e-01  -9.7990506e-01  -1.4162975e-01
  -1.1093038e+00  -5.3990506e-01  -7.1629747e-02
  -1.0793038e+00  -6.3990506e-01  -6.1629747e-02
  -1.0393038e+00  -5.4990506e-01  -7.1629747e-02
  -2.5930380e-01   1.5900949e+00   2.4837025e-01
  -4.4930380e-01  -1.0099051e+00  -1.4162975e-01
  -9.7930380e-01  -5.1990506e-01  -8.1629747e-02
  -2.0930380e-01   1.5700949e+00   2.4837025e-01
  -9.4930380e-01  -6.5990506e-01  -6.1629747e-02
  -1.7930380e-01   1.5700949e+00   2.4837025e-01
  -3.8930380e-01  -1.0999051e+00  -1.3162975e-01
  -9.2930380e-01  -6.6990506e-01  -6.1629747e-02
  -1.2993038e+00  -2.1990506e-01   8.3702532e-03
  -3.3930380e-01  -1.0899051e+00  -1.3162975e-01
  -8.7930380e-01  -6.1990506e-01  -7.1629747e-02
  -1.2493038e+00  -1.7990506e-01   8.3702532e-03
  -7.9930380e-01   7.9009494e-01   4.0837025e-01
  -2.7930380e-01  -1.0299051e+00  -1.4162975e-01
  -8.1930380e-01  -6.0990506e-01  -7.1629747e-02
  -1.1993038e+00  -1.5990506e-01  -1.6297468e-03
  -2.4930380e-01  -1.1299051e+00  -1.3162975e-01
  -7.8930380e-01  -6.7990506e-01  -7.1629747e-02
  -7.6930380e-01  -7.5990506e-01  -6.1629747e-02
  -7.1930380e-01  -7.4990506e-01  -6.1629747e-02
  -1.3893038e+00   3.0094937e-02  -6.2162975e-01
  -5.7930380e-01   9.3009494e-01   3.9837025e-01
  -6.7930380e-01  -8.0990506e-01  -6.1629747e-02
  -1.0493038e+00  -3.8990506e-01   1.8370253e-02
  -1.3793038e+00  -6.9905063e-02  -6.0162975e-01
  -5.5930380e-01   9.0009494e-01   3.9837025e-01
  -6.5930380e-01  -8.2990506e-01  -6.1629747e-02
  -1.0493038e+00  -5.7990506e-01   2.8370253e-02
  -1.3093038e+00  -7.9905063e-02  -6.0162975e-01
  -6.0930380e-01  -9.4990506e-01  -5.1629747e-02
  -9.7930380e-01  -6.2990506e-01   3.8370253e-02
  -1.2793038e+00  -1.0990506e-01  -6.0162975e-01
   3.0696203e-02  -9.5990506e-01  -1.5162975e-01
  -5.7930380e-01  -9.4990506e-01  -5.1629747e-02
  -9.5930380e-01  -6.6990506e-01   3.8370253e-02
  -1.2593038e+00  -8.9905063e-02  -6.0162975e-01
   5.0696203e-02  -9.4990506e-01  -1.5162975e-01
  -5.5930380e-01  -9.5990506e-01  -5.1629747e-02
  -9.3930380e-01  -6.8990506e-01   3.8370253e-02
  -1.1693038e+00   9.4936709e-05  -6.2162975e-01
  -2.1930380e-01   1.5900949e+00   3.5837025e-01
   1.6069620e-01  -7.8990506e-01  -1.7162975e-01
  -8.6930380e-01  -7.3990506e-01   3.8370253e-02
  -1.9930380e-01   1.5900949e+00   3.5837025e-01
   2.0069620e-01  -7.2990506e-01  -1.8162975e-01
  -4.4930380e-01  -8.8990506e-01  -5.1629747e-02
  -8.4930380e-01  -7.4990506e-01   3.8370253e-02
  -1.6930380e-01   1.5800949e+00   3.5837025e-01
   2.3069620e-01  -7.3990506e-01  -1.8162975e-01
  -4.3930380e-01  -9.8990506e-01  -5.1629747e-02
  -8.2930380e-01  -7.9990506e-01   4.8370253e-02
  -5.9303797e-02   1.7200949e+00   3.4837025e-01
   3.3069620e-01  -5.9990506e-01  -1.9162975e-01
  -3.6930380e-01  -9.6990506e-01  -5.1629747e-02
  -7.6930380e-01  -8.5990506e-01   4.8370253e-02
   3.0069620e-01   2.9009494e-01   3.1837025e-01
   3.9069620e-01  -4.4990506e-01  -2.0162975e-01
  -3.2930380e-01  -9.0990506e-01  -5.1629747e-02
  -7.4930380e-01  -8.6990506e-01   4.8370253e-02
  -1.3593038e+00  -1.3990506e-01   7.8370253e-02
   4.2069620e-01  -4.1990506e-01  -2.1162975e-01
  -3.1930380e-01  -9.5990506e-01  -5.1629747e-02
  -7.2930380e-01  -8.8990506e-01   4.8370253e-02
  -1.3293038e+00  -1.4990506e-01   7.8370253e-02
   4.8069620e-01   6.2009494e-01   2.9837025e-01
  -3.9930380e-01  -8.7990506e-01   4.7837025e-01
   6.1069620e-01   5.0094937e-02  -2.5162975e-01
  -2.4930380e-01  -9.8990506e-01  -5.1629747e-02
  -6.5930380e-01  -9.0990506e-01   4.8370253e-02
  -1.2593038e+00  -1.7990506e-01   7.8370253e-02
  -1.5093038e+00  -1.9990506e-01  -4.9162975e-01
   5.4069620e-01   7.9009494e-01   2.8837025e-01
   8.0696203e-02   1.5400949e+00   3.5837025e-01
   6.1069620e-01  -7.9905063e-02  -2.4162975e-01
  -1.9930380e-01  -8.9990506e-01  -6.1629747e-02
  -6.3930380e-01  -9.3990506e-01   5.8370253e-02
  -1.2393038e+00  -1.8990506e-01   7.8370253e-02
  -1.4993038e+00  -2.7990506e-01  -4.8162975e-01
   5.7069620e-01   8.0009494e-01   2.8837025e-01
   1.0069620e-01   1.5200949e+00   3.5837025e-01
   6.6069620e-01   1.0094937e-02  -2.5162975e-01
  -5.9930380e-01  -8.7990506e-01   4.8370253e-02
  -1.2193038e+00  -2.1990506e-01   7.8370253e-02
  -1.4293038e+00  -3.4990506e-01  -4.7162975e-01
   1.9069620e-01   1.5000949e+00   3.5837025e-01
   7.7069620e-01   1.4009494e-01  -2.7162975e-01
  -5.2930380e-01  -8.9990506e-01   4.8370253e-02
  -1.1493038e+00  -2.6990506e-01   7.8370253e-02
  -1.4093038e+00  -3.8990506e-01  -4.7162975e-01
   5.1069620e-01   5.0094937e-02   3.2837025e-01
   2.1069620e-01   1.4800949e+00   3.5837025e-01
   8.2069620e-01   2.4009494e-01  -2.8162975e-01
  -1.1930380e-01  -1.0699051e+00  -5.1629747e-02
  -5.1930380e-01  -9.6990506e-01   5.8370253e-02
  -1.1293038e+00  -3.4990506e-01   8.8370253e-02
  -1.3593038e+00  -4.1990506e-01  -4.7162975e-01
   5.8069620e-01   9.0094937e-02   3.1837025e-01
   2.7069620e-01   1.5100949e+00   3.5837025e-01
   8.9069620e-01   3.1009494e-01  -2.8162975e-01
  -4.9303797e-02  -9.9990506e-01  -5.1629747e-02
  -4.6930380e-01  -9.8990506e-01   5.8370253e-02
  -1.0893038e+00  -3.9990506e-01   8.8370253e-02
  -1.3193038e+00  -4.6990506e-01  -4.6162975e-01
   1.0696203e-02  -9.3990506e-01  -6.1629747e-02
  -4.6930380e-01   1.0400949e+00   4.8837025e-01
  -4.2930380e-01  -1.0199051e+00   5.8370253e-02
  -1.0493038e+00  -4.6990506e-01   9.8370253e-02
  -1.2993038e+00  -5.1990506e-01  -4.6162975e-01
   6.4069620e-01   3.0094937e-02   3.2837025e-01
   1.0406962e+00   5.9009494e-01  -3.1162975e-01
   5.0696203e-02  -8.5990506e-01  -7.1629747e-02
  -4.3930380e-01   1.0500949e+00   4.8837025e-01
  -3.9930380e-01  -9.9990506e-01   5.8370253e-02
  -1.0293038e+00  -5.0990506e-01   9.8370253e-02
  -1.2593038e+00  -5.6990506e-01  -4.5162975e-01
   6.9069620e-01   9.4936709e-05   3.2837025e-01
   1.1306962e+00   7.0009494e-01  -3.3162975e-01
   1.3069620e-01  -7.1990506e-01  -8.1629747e-02
  -3.4930380e-01  -9.9990506e-01   5.8370253e-02
  -9.7930380e-01  -5.3990506e-01   9.8370253e-02
  -1.2093038e+00  -5.8990506e-01  -4.5162975e-01
   7.6069620e-01   5.0094937e-02   3.1837025e-01
   2.1069620e-01  -5.7990506e-01  -9.1629747e-02
  -2.9930380e-01  -9.9990506e-01   4.8370253e-02
  -9.3930380e-01  -5.7990506e-01   9.8370253e-02
  -1.1893038e+00  -6.2990506e-01  -4.5162975e-01
   1.3106962e+00   1.0900949e+00  -3.6162975e-01
   2.9069620e-01  -3.5990506e-01  -1.1162975e-01
  -2.0930380e-01   1.5900949e+00   4.6837025e-01
  -2.6930380e-01  -9.5990506e-01   4.8370253e-02
  -9.1930380e-01  -6.0990506e-01   1.0837025e-01
  -1.1493038e+00  -6.5990506e-01  -4.4162975e-01
   1.4006962e+00   1.2100949e+00  -3.8162975e-01
   3.4069620e-01  -3.4990506e-01  -1.2162975e-01
  -1.5930380e-01   1.5600949e+00   4.6837025e-01
  -2.3930380e-01  -1.0199051e+00   4.8370253e-02
  -8.6930380e-01  -6.2990506e-01   1.0837025e-01
  -1.0993038e+00  -6.9990506e-01  -4.4162975e-01
   4.7069620e-01   8.3009494e-01   3.8837025e-01
   1.5006962e+00   1.3800949e+00  -4.0162975e-01
   4.1069620e-01  -2.9990506e-01  -1.2162975e-01
  -1.8930380e-01  -1.0299051e+00   4.8370253e-02
  -8.3930380e-01  -7.1990506e-01   1.0837025e-01
  -1.0493038e+00  -7.0990506e-01  -4.4162975e-01
   5.1069620e-01   7.7009494e-01   3.8837025e-01
   1.5806962e+00   1.4400949e+00  -4.0162975e-01
   4.8069620e-01  -1.8990506e-01  -1.3162975e-01
  -1.3930380e-01  -1.0399051e+00   4.8370253e-02
  -7.7930380e-01  -6.5990506e-01   1.0837025e-01
  -1.0293038e+00  -7.3990506e-01  -4.4162975e-01
   5.4069620e-01   7.6009494e-01   3.8837025e-01
   1.6406962e+00   1.5500949e+00  -4.1162975e-01
   5.4069620e-01  -7.9905063e-02  -1.4162975e-01
  -1.0930380e-01  -1.0199051e+00   4.8370253e-02
  -7.4930380e-01  -6.4990506e-01   1.0837025e-01
  -9.8930380e-01  -7.7990506e-01  -4.3162975e-01
  -1.5093038e+00  -4.2990506e-01  -3.6162975e-01
   1.3406962e+00   1.2700949e+00   2.4837025e-01
   6.0069620e-01   8.0009494e-01   3.8837025e-01
   1.7806962e+00   1.8500949e+00  -4.4162975e-01
   6.3069620e-01   9.0094937e-02  -1.6162975e-01
  -1.9303797e-02  -7.8990506e-01   2.8370253e-02
  -6.9930380e-01  -6.4990506e-01   1.0837025e-01
  -9.3930380e-01  -7.5990506e-01  -4.4162975e-01
  -1.4493038e+00  -3.4990506e-01  -3.7162975e-01
   1.4306962e+00   1.3800949e+00   2.3837025e-01
   6.4069620e-01   7.3009494e-01   3.8837025e-01
   1.8406962e+00   1.8600949e+00  -4.5162975e-01
   7.0069620e-01   1.8009494e-01  -1.7162975e-01
   1.0069620e-01   1.5900949e+00   4.5837025e-01
   6.9620253e-04  -9.5990506e-01   3.8370253e-02
  -6.5930380e-01  -6.7990506e-01   1.0837025e-01
  -9.1930380e-01  -7.8990506e-01  -4.3162975e-01
  -1.4293038e+00  -3.4990506e-01  -3.7162975e-01
   1.4706962e+00   1.4300949e+00   2.3837025e-01
   5.7069620e-01   2.7009494e-01   4.0837025e-01
   7.5069620e-01   2.5009494e-01  -1.8162975e-01
  -1.9303797e-02   7.6009494e-01   4.9837025e-01
   2.0696203e-02  -9.9990506e-01   4.8370253e-02
  -6.2930380e-01  -6.8990506e-01   1.0837025e-01
  -8.4930380e-01  -8.3990506e-01  -4.3162975e-01
   1.6106962e+00   1.6400949e+00   2.1837025e-01
   6.3069620e-01   2.1009494e-01   4.1837025e-01
   8.7069620e-01   4.2009494e-01  -1.9162975e-01
   4.0696203e-02   6.9009494e-01   4.9837025e-01
  -5.6930380e-01  -7.1990506e-01   1.0837025e-01
  -1.0993038e+00   9.0094937e-02   1.4837025e-01
  -8.2930380e-01  -8.2990506e-01  -4.3162975e-01
  -1.3493038e+00  -5.4990506e-01  -3.5162975e-01
   1.6706962e+00   1.7500949e+00   2.0837025e-01
   9.3069620e-01   5.2009494e-01  -2.0162975e-01
   6.0696203e-02   6.5009494e-01   4.9837025e-01
  -5.3930380e-01  -7.3990506e-01   1.0837025e-01
  -1.0793038e+00   3.0094937e-02   1.5837025e-01
  -2.2930380e-01  -9.1990506e-01  -5.3162975e-01
  -8.0930380e-01  -8.4990506e-01  -4.3162975e-01
  -1.3293038e+00  -5.6990506e-01  -3.4162975e-01
   1.7406962e+00   1.8900949e+00   2.0837025e-01
   9.7069620e-01   6.1009494e-01  -2.1162975e-01
   9.0696203e-02   6.4009494e-01   4.9837025e-01
  -5.1930380e-01  -7.3990506e-01   1.0837025e-01
  -1.0593038e+00   9.4936709e-05   1.5837025e-01
  -1.5930380e-01  -9.4990506e-01  -5.3162975e-01
  -7.3930380e-01  -8.8990506e-01  -4.3162975e-01
  -1.2593038e+00  -6.0990506e-01  -3.4162975e-01
   1.1106962e+00   7.9009494e-01  -2.3162975e-01
   1.7069620e-01   6.6009494e-01   4.9837025e-01
  -4.4930380e-01  -7.4990506e-01   1.0837025e-01
  -9.9930380e-01  -1.5990506e-01   1.6837025e-01
  -1.3930380e-01  -9.4990506e-01  -5.3162975e-01
  -7.1930380e-01  -9.2990506e-01  -4.2162975e-01
  -1.2393038e+00  -6.2990506e-01  -3.4162975e-01
   1.1506962e+00   8.7009494e-01  -2.4162975e-01
   3.2069620e-01  -6.1990506e-01   8.3702532e-03
  -4.1930380e-01  -7.3990506e-01   1.0837025e-01
  -9.8930380e-01  -2.1990506e-01   1.6837025e-01
  -1.1930380e-01  -9.5990506e-01  -5.3162975e-01
  -6.9930380e-01  -9.3990506e-01  -4.2162975e-01
  -1.2093038e+00  -5.9990506e-01  -3.4162975e-01
   1.2106962e+00   9.8009494e-01  -2.5162975e-01
  -3.3930380e-01   1.0900949e+00   5.8837025e-01
   3.3069620e-01  -6.8990506e-01   1.8370253e-02
  -3.9930380e-01  -7.4990506e-01   1.0837025e-01
  -2.9303797e-02  -8.9990506e-01  -5.4162975e-01
  -6.2930380e-01  -9.5990506e-01  -4.2162975e-01
  -1.1493038e+00  -7.1990506e-01  -3.3162975e-01
   1.3606962e+00   1.2100949e+00  -2.7162975e-01
  -2.6930380e-01   9.8009494e-01   5.9837025e-01
   4.3069620e-01  -6.1990506e-01   8.3702532e-03
  -3.1930380e-01  -7.4990506e-01   1.0837025e-01
  -8.8930380e-01  -2.5990506e-01   1.6837025e-01
   6.9620253e-04  -8.6990506e-01  -5.4162975e-01
  -6.0930380e-01  -9.7990506e-01  -4.2162975e-01
  -1.1393038e+00  -8.0990506e-01  -3.2162975e-01
   1.4206962e+00   1.3300949e+00  -2.8162975e-01
  -2.4930380e-01   9.4009494e-01   5.9837025e-01
   4.6069620e-01  -5.5990506e-01  -1.6297468e-03
  -2.9930380e-01  -7.4990506e-01   1.0837025e-01
  -8.6930380e-01  -3.1990506e-01   1.7837025e-01
   2.0696203e-02  -8.7990506e-01  -5.4162975e-01
  -5.8930380e-01  -9.9990506e-01  -4.2162975e-01
  -1.1193038e+00  -8.8990506e-01  -3.2162975e-01
   1.4806962e+00   1.4300949e+00  -2.9162975e-01
  -2.2930380e-01   9.3009494e-01   5.9837025e-01
   5.0069620e-01  -5.1990506e-01  -1.6297468e-03
  -2.6930380e-01  -7.2990506e-01   9.8370253e-02
  -8.4930380e-01  -3.0990506e-01   1.7837025e-01
   1.1069620e-01  -8.2990506e-01  -5.5162975e-01
  -5.1930380e-01  -1.0199051e+00  -4.2162975e-01
  -1.0593038e+00  -9.7990506e-01  -3.1162975e-01
  -1.5593038e+00  -6.8990506e-01  -2.3162975e-01
   1.6206962e+00   1.6200949e+00  -3.1162975e-01
   4.6069620e-01   7.0009494e-01   4.9837025e-01
  -1.4930380e-01   8.8009494e-01   5.9837025e-01
   6.1069620e-01  -3.6990506e-01  -1.1629747e-02
  -1.9930380e-01  -7.4990506e-01   9.8370253e-02
  -7.7930380e-01  -3.5990506e-01   1.7837025e-01
   1.8069620e-01  -6.0990506e-01  -5.8162975e-01
  -4.9930380e-01  -1.0399051e+00  -4.2162975e-01
  -1.0493038e+00  -1.0599051e+00  -3.0162975e-01
  -1.5193038e+00  -4.9990506e-01  -2.5162975e-01
   1.3906962e+00   1.4400949e+00   3.3837025e-01
   1.6806962e+00   1.7600949e+00  -3.2162975e-01
   4.8069620e-01   6.8009494e-01   4.9837025e-01
  -1.2930380e-01   8.7009494e-01   5.9837025e-01
   6.6069620e-01  -2.7990506e-01  -2.1629747e-02
  -1.6930380e-01  -7.3990506e-01   9.8370253e-02
  -7.5930380e-01  -3.8990506e-01   1.7837025e-01
   1.9069620e-01  -7.0990506e-01  -5.7162975e-01
  -4.6930380e-01  -1.0299051e+00  -4.2162975e-01
  -1.0293038e+00  -1.0599051e+00  -3.0162975e-01
  -1.4993038e+00  -5.1990506e-01  -2.4162975e-01
   1.7406962e+00   1.8600949e+00  -3.3162975e-01
   5.1069620e-01   6.8009494e-01   4.9837025e-01
  -1.0930380e-01   8.4009494e-01   5.9837025e-01
   7.1069620e-01  -1.7990506e-01  -3.1629747e-02
  -1.4930380e-01  -7.3990506e-01   9.8370253e-02
  -7.2930380e-01  -3.8990506e-01   1.7837025e-01
  -3.9930380e-01  -1.0499051e+00  -4.2162975e-01
  -9.5930380e-01  -1.0999051e+00  -3.0162975e-01
  -1.4393038e+00  -6.1990506e-01  -2.4162975e-01
   1.5606962e+00   1.6400949e+00   3.2837025e-01
   1.9006962e+00   2.1000949e+00  -3.6162975e-01
   6.1069620e-01   7.6009494e-01   4.8837025e-01
  -2.9303797e-02   8.0009494e-01   5.9837025e-01
   8.6069620e-01   1.1009494e-01  -6.1629747e-02
  -8.9303797e-02  -8.1990506e-01   1.0837025e-01
  -6.4930380e-01  -3.7990506e-01   1.7837025e-01
  -3.7930380e-01  -1.0599051e+00  -4.2162975e-01
  -9.3930380e-01  -1.1099051e+00  -3.0162975e-01
  -1.4093038e+00  -6.4990506e-01  -2.3162975e-01
   2.0106962e+00   2.3700949e+00  -3.8162975e-01
   9.2069620e-01   2.5009494e-01  -7.1629747e-02
  -6.9303797e-02  -8.3990506e-01   1.0837025e-01
  -6.3930380e-01  -4.0990506e-01   1.7837025e-01
  -3.2930380e-01  -1.0699051e+00  -4.2162975e-01
  -8.9930380e-01  -1.1699051e+00  -2.9162975e-01
  -1.3693038e+00  -6.7990506e-01  -2.3162975e-01
   1.7306962e+00   1.9100949e+00   3.1837025e-01
   5.9069620e-01   3.2009494e-01   5.0837025e-01
   2.0696203e-02   6.4009494e-01   6.0837025e-01
   9.9069620e-01   3.0009494e-01  -7.1629747e-02
  -1.9303797e-02  -8.4990506e-01   1.0837025e-01
  -5.8930380e-01  -4.2990506e-01   1.7837025e-01
  -2.8930380e-01  -1.0999051e+00  -4.1162975e-01
  -8.3930380e-01  -1.1099051e+00  -3.0162975e-01
  -1.3193038e+00  -6.6990506e-01  -2.3162975e-01
   1.8506962e+00   2.1400949e+00   2.9837025e-01
   1.0806962e+00   4.3009494e-01  -9.1629747e-02
   4.0696203e-02  -7.8990506e-01   9.8370253e-02
  -5.3930380e-01  -4.6990506e-01   1.7837025e-01
  -9.4930380e-01   1.0400949e+00   2.2837025e-01
  -2.5930380e-01  -1.0999051e+00  -4.2162975e-01
  -1.2793038e+00  -5.7990506e-01  -2.4162975e-01
   1.9106962e+00   2.2400949e+00   2.9837025e-01
   1.1069620e-01   6.9009494e-01   5.9837025e-01
   1.1306962e+00   5.2009494e-01  -9.1629747e-02
   8.0696203e-02  -7.3990506e-01   9.8370253e-02
  -5.1930380e-01  -4.6990506e-01   1.7837025e-01
  -9.2930380e-01   9.8009494e-01   2.2837025e-01
  -2.1930380e-01  -1.1099051e+00  -4.2162975e-01
  -1.2293038e+00  -5.8990506e-01  -2.4162975e-01
   2.0106962e+00   2.3800949e+00   2.8837025e-01
   1.7069620e-01   6.9009494e-01   5.9837025e-01
   1.2006962e+00   5.8009494e-01  -1.0162975e-01
   1.4069620e-01  -6.9990506e-01   8.8370253e-02
  -4.6930380e-01  -4.8990506e-01   1.7837025e-01
  -8.8930380e-01   9.1009494e-01   2.2837025e-01
  -1.6930380e-01  -1.1399051e+00  -4.1162975e-01
  -7.1930380e-01  -1.0999051e+00  -3.0162975e-01
  -1.1893038e+00  -6.1990506e-01  -2.4162975e-01
   2.1069620e-01   6.6009494e-01   5.9837025e-01
   1.3106962e+00   7.7009494e-01  -1.2162975e-01
   2.2069620e-01  -5.7990506e-01   7.8370253e-02
  -4.1930380e-01  -4.9990506e-01   1.7837025e-01
  -8.6930380e-01   6.2009494e-01   2.4837025e-01
  -1.3930380e-01  -1.0899051e+00  -4.2162975e-01
  -6.9930380e-01  -1.1199051e+00  -3.0162975e-01
  -1.1693038e+00  -6.5990506e-01  -2.4162975e-01
   2.4069620e-01   6.4009494e-01   5.9837025e-01
   1.3606962e+00   8.4009494e-01  -1.2162975e-01
   2.5069620e-01  -5.2990506e-01   7.8370253e-02
  -3.9930380e-01  -5.0990506e-01   1.7837025e-01
  -8.6930380e-01   4.9009494e-01   2.5837025e-01
  -6.9303797e-02  -1.0099051e+00  -4.3162975e-01
  -6.4930380e-01  -1.1399051e+00  -3.0162975e-01
  -1.1293038e+00  -6.9990506e-01  -2.3162975e-01
   2.9069620e-01   6.1009494e-01   5.9837025e-01
   1.4506962e+00   9.9009494e-01  -1.4162975e-01
   3.2069620e-01  -4.6990506e-01   6.8370253e-02
  -3.4930380e-01  -5.0990506e-01   1.7837025e-01
  -8.1930380e-01   4.2009494e-01   2.5837025e-01
   1.0696203e-02  -8.3990506e-01  -4.5162975e-01
  -6.0930380e-01  -1.1499051e+00  -3.0162975e-01
  -1.0893038e+00  -7.7990506e-01  -2.3162975e-01
   3.3069620e-01   5.8009494e-01   5.9837025e-01
   1.5806962e+00   1.2600949e+00  -1.6162975e-01
   4.0069620e-01  -3.1990506e-01   5.8370253e-02
  -2.9930380e-01  -4.9990506e-01   1.7837025e-01
  -7.7930380e-01   3.3009494e-01   2.6837025e-01
   6.0696203e-02  -8.2990506e-01  -4.5162975e-01
  -5.4930380e-01  -1.1199051e+00  -3.0162975e-01
  -1.0493038e+00  -8.5990506e-01  -2.2162975e-01
   3.8069620e-01   5.6009494e-01   5.9837025e-01
   1.6706962e+00   1.3600949e+00  -1.7162975e-01
   4.7069620e-01  -2.6990506e-01   5.8370253e-02
  -1.2930380e-01   1.4600949e+00   6.7837025e-01
  -2.4930380e-01  -5.2990506e-01   1.7837025e-01
  -7.3930380e-01   2.7009494e-01   2.6837025e-01
   1.1069620e-01  -7.5990506e-01  -4.6162975e-01
  -5.2930380e-01  -1.1399051e+00  -3.0162975e-01
  -1.0293038e+00  -8.8990506e-01  -2.2162975e-01
   4.1069620e-01   5.5009494e-01   5.9837025e-01
   1.7306962e+00   1.4600949e+00  -1.8162975e-01
   5.1069620e-01  -1.8990506e-01   4.8370253e-02
  -1.0930380e-01   1.4400949e+00   6.7837025e-01
  -2.2930380e-01  -5.2990506e-01   1.7837025e-01
  -7.1930380e-01   2.5009494e-01   2.6837025e-01
   2.0069620e-01  -5.4990506e-01  -4.9162975e-01
  -4.8930380e-01  -1.1599051e+00  -3.0162975e-01
  -9.7930380e-01  -8.9990506e-01  -2.2162975e-01
   4.6069620e-01   5.3009494e-01   5.9837025e-01
   1.8406962e+00   1.6600949e+00  -2.0162975e-01
   6.0069620e-01  -2.9905063e-02   3.8370253e-02
  -5.9303797e-02   1.3800949e+00   6.7837025e-01
  -1.7930380e-01  -5.2990506e-01   1.7837025e-01
  -6.7930380e-01   1.7009494e-01   2.7837025e-01
   2.7069620e-01  -4.8990506e-01  -5.0162975e-01
  -4.3930380e-01  -1.1599051e+00  -3.0162975e-01
  -9.3930380e-01  -9.0990506e-01  -2.2162975e-01
   5.1069620e-01   4.9009494e-01   6.0837025e-01
   1.9206962e+00   1.7100949e+00  -2.0162975e-01
   6.8069620e-01   6.0094937e-02   2.8370253e-02
  -9.3037975e-03   1.3300949e+00   6.8837025e-01
  -1.2930380e-01  -5.6990506e-01   1.7837025e-01
  -6.2930380e-01   1.5009494e-01   2.7837025e-01
   3.0069620e-01  -4.3990506e-01  -5.0162975e-01
  -4.0930380e-01  -1.1599051e+00  -3.0162975e-01
  -9.0930380e-01  -9.2990506e-01  -2.2162975e-01
   5.3069620e-01   4.9009494e-01   6.0837025e-01
   2.0106962e+00   1.9400949e+00  -2.2162975e-01
   7.3069620e-01   1.4009494e-01   1.8370253e-02
   1.0696203e-02   1.3000949e+00   6.8837025e-01
  -1.0930380e-01  -5.5990506e-01   1.7837025e-01
  -5.9930380e-01   1.4009494e-01   2.7837025e-01
  -3.3930380e-01  -1.1599051e+00  -3.0162975e-01
  -8.4930380e-01  -9.5990506e-01  -2.1162975e-01
   6.0069620e-01   4.3009494e-01   6.0837025e-01
   2.1906962e+00   2.2300949e+00  -2.5162975e-01
   8.5069620e-01   3.1009494e-01   8.3702532e-03
   8.0696203e-02   1.2000949e+00   6.8837025e-01
  -2.9303797e-02  -5.4990506e-01   1.7837025e-01
  -5.2930380e-01   1.2009494e-01   2.7837025e-01
  -3.1930380e-01  -1.1499051e+00  -3.1162975e-01
  -8.1930380e-01  -9.6990506e-01  -2.1162975e-01
   6.4069620e-01   4.6009494e-01   5.9837025e-01
   9.0069620e-01   4.1009494e-01  -1.6297468e-03
   1.0069620e-01   1.1700949e+00   6.8837025e-01
   6.9620253e-04  -5.1990506e-01   1.7837025e-01
  -4.9930380e-01   1.2009494e-01   2.7837025e-01
  -2.9930380e-01  -1.2199051e+00  -3.0162975e-01
  -7.8930380e-01  -8.8990506e-01  -2.2162975e-01
   1.8106962e+00   2.3000949e+00   4.0837025e-01
   6.7069620e-01   5.1009494e-01   5.9837025e-01
   9.5069620e-01   4.9009494e-01  -1.1629747e-02
   1.2069620e-01   1.1400949e+00   6.8837025e-01
   2.0696203e-02  -5.6990506e-01   1.7837025e-01
  -4.7930380e-01   9.0094937e-02   2.7837025e-01
  -2.2930380e-01  -1.2299051e+00  -3.0162975e-01
   1.0806962e+00   6.8009494e-01  -2.1629747e-02
   1.9069620e-01   1.0600949e+00   6.8837025e-01
   1.0069620e-01  -5.2990506e-01   1.7837025e-01
  -4.0930380e-01   4.0094937e-02   2.7837025e-01
  -2.1930380e-01  -1.2599051e+00  -3.0162975e-01
  -7.0930380e-01  -9.8990506e-01  -2.1162975e-01
   1.1306962e+00   7.7009494e-01  -3.1629747e-02
   2.1069620e-01   1.0500949e+00   6.8837025e-01
   1.2069620e-01  -5.7990506e-01   1.7837025e-01
  -3.8930380e-01   3.0094937e-02   2.7837025e-01
  -1.8930380e-01  -1.2399051e+00  -3.0162975e-01
  -6.8930380e-01  -1.0199051e+00  -2.1162975e-01
   1.1906962e+00   8.7009494e-01  -4.1629747e-02
   2.3069620e-01   1.0000949e+00   6.8837025e-01
   1.4069620e-01  -5.7990506e-01   1.7837025e-01
  -3.5930380e-01   1.0094937e-02   2.7837025e-01
  -9.9303797e-02  -1.1599051e+00  -3.1162975e-01
  -6.0930380e-01  -1.0299051e+00  -2.1162975e-01
   1.3206962e+00   1.0500949e+00  -6.1629747e-02
   3.1069620e-01   9.5009494e-01   6.8837025e-01
   2.4069620e-01  -4.9990506e-01   1.6837025e-01
  -2.8930380e-01  -1.9905063e-02   2.7837025e-01
  -5.9303797e-02  -1.0999051e+00  -3.2162975e-01
  -5.9930380e-01  -1.0699051e+00  -2.1162975e-01
   1.3806962e+00   1.1800949e+00  -7.1629747e-02
   3.4069620e-01   9.5009494e-01   6.8837025e-01
   2.7069620e-01  -4.6990506e-01   1.6837025e-01
  -2.6930380e-01  -1.9905063e-02   2.7837025e-01
  -2.9303797e-02  -1.0599051e+00  -3.2162975e-01
  -5.6930380e-01  -1.0499051e+00  -2.1162975e-01
   1.4406962e+00   1.2800949e+00  -8.1629747e-02
   3.6069620e-01   9.3009494e-01   6.8837025e-01
   3.0069620e-01  -4.2990506e-01   1.6837025e-01
  -2.3930380e-01  -2.9905063e-02   2.7837025e-01
   7.0696203e-02  -9.5990506e-01  -3.3162975e-01
  -4.9930380e-01  -1.0899051e+00  -2.1162975e-01
   1.2806962e+00   1.4800949e+00   5.5837025e-01
   1.5706962e+00   1.4500949e+00  -9.1629747e-02
   4.3069620e-01   8.7009494e-01   6.8837025e-01
   4.3069620e-01  -2.2990506e-01   1.4837025e-01
  -1.6930380e-01  -6.9905063e-02   2.7837025e-01
   1.2069620e-01  -8.1990506e-01  -3.5162975e-01
  -4.7930380e-01  -1.0999051e+00  -2.1162975e-01
   1.3306962e+00   1.5600949e+00   5.4837025e-01
   1.6506962e+00   1.6100949e+00  -1.0162975e-01
   4.6069620e-01   9.0009494e-01   6.8837025e-01
   4.7069620e-01  -1.3990506e-01   1.3837025e-01
  -1.3930380e-01  -4.9905063e-02   2.7837025e-01
   1.6069620e-01  -7.4990506e-01  -3.6162975e-01
  -4.5930380e-01  -1.0899051e+00  -2.1162975e-01
   1.7206962e+00   1.7600949e+00  -1.2162975e-01
   4.8069620e-01   8.6009494e-01   6.8837025e-01
   5.1069620e-01  -1.0990506e-01   1.3837025e-01
  -1.1930380e-01  -7.9905063e-02   2.7837025e-01
   2.8069620e-01  -5.4990506e-01  -3.8162975e-01
  -3.8930380e-01  -1.1199051e+00  -2.1162975e-01
   1.8906962e+00   2.0400949e+00  -1.4162975e-01
   5.7069620e-01   8.6009494e-01   6.8837025e-01
   6.1069620e-01  -1.9905063e-02   1.2837025e-01
  -4.9303797e-02  -9.9905063e-02   2.7837025e-01
   3.1069620e-01  -5.1990506e-01  -3.9162975e-01
  -3.6930380e-01  -1.1299051e+00  -2.1162975e-01
   1.9206962e+00   2.0400949e+00  -1.4162975e-01
   5.9069620e-01   8.4009494e-01   6.8837025e-01
   6.6069620e-01   1.1009494e-01   1.1837025e-01
  -1.9303797e-02  -1.0990506e-01   2.7837025e-01
   3.7069620e-01  -4.7990506e-01  -3.9162975e-01
  -3.1930380e-01  -1.1599051e+00  -2.1162975e-01
   1.7006962e+00   2.1600949e+00   5.2837025e-01
   2.0206962e+00   2.1900949e+00  -1.5162975e-01
   6.4069620e-01   8.2009494e-01   6.8837025e-01
   7.4069620e-01   1.9009494e-01   1.1837025e-01
   2.0696203e-02  -1.2990506e-01   2.7837025e-01
   4.8069620e-01  -2.1990506e-01  -4.2162975e-01
  -2.6930380e-01  -1.1499051e+00  -2.1162975e-01
   6.8069620e-01   7.6009494e-01   6.9837025e-01
   8.3069620e-01   3.6009494e-01   9.8370253e-02
   8.0696203e-02  -1.3990506e-01   2.7837025e-01
   5.3069620e-01  -1.4990506e-01  -4.3162975e-01
  -2.4930380e-01  -1.1699051e+00  -2.1162975e-01
   7.3069620e-01   8.4009494e-01   6.8837025e-01
   8.7069620e-01   3.9009494e-01   9.8370253e-02
   1.0069620e-01  -1.5990506e-01   2.7837025e-01
   6.0069620e-01  -4.9905063e-02  -4.4162975e-01
  -1.9930380e-01  -1.1599051e+00  -2.1162975e-01
   7.9069620e-01   8.7009494e-01   6.8837025e-01
   9.5069620e-01   4.9009494e-01   8.8370253e-02
   1.4069620e-01  -2.0990506e-01   2.8837025e-01
   7.0069620e-01   1.5009494e-01  -4.6162975e-01
   8.9069620e-01   1.0700949e+00   6.7837025e-01
   1.0406962e+00   6.3009494e-01   7.8370253e-02
   1.9069620e-01  -2.0990506e-01   2.7837025e-01
   7.8069620e-01   2.6009494e-01  -4.8162975e-01
  -8.9303797e-02  -1.1099051e+00  -2.2162975e-01
   9.8069620e-01   1.1900949e+00   6.7837025e-01
   1.1406962e+00   8.1009494e-01   6.8370253e-02
   2.5069620e-01  -1.5990506e-01   2.7837025e-01
  -4.9303797e-02  -1.0299051e+00  -2.2162975e-01
   1.0306962e+00   1.2900949e+00   6.6837025e-01
   1.1706962e+00   8.2009494e-01   6.8370253e-02
   2.7069620e-01  -1.8990506e-01   2.7837025e-01
   1.0696203e-02  -9.5990506e-01  -2.3162975e-01
   1.1306962e+00   1.4600949e+00   6.6837025e-01
   1.3306962e+00   1.2200949e+00   3.8370253e-02
   3.4069620e-01  -1.3990506e-01   2.7837025e-01
   7.0696203e-02  -9.3990506e-01  -2.4162975e-01
   1.2106962e+00   1.5400949e+00   6.5837025e-01
   1.4006962e+00   1.2800949e+00   2.8370253e-02
   3.9069620e-01  -1.4990506e-01   2.7837025e-01
   1.2069620e-01  -8.2990506e-01  -2.5162975e-01
   1.2606962e+00   1.6300949e+00   6.5837025e-01
   1.4506962e+00   1.3600949e+00   2.8370253e-02
   4.3069620e-01  -7.9905063e-02   2.6837025e-01
   2.0069620e-01  -6.8990506e-01  -2.6162975e-01
   1.3606962e+00   1.7800949e+00   6.5837025e-01
   1.5306962e+00   1.4300949e+00   1.8370253e-02
   5.4069620e-01   1.7009494e-01   2.5837025e-01
   2.6069620e-01  -6.2990506e-01  -2.7162975e-01
   1.4806962e+00   2.0200949e+00   6.4837025e-01
   1.6206962e+00   1.5600949e+00   8.3702532e-03
   5.7069620e-01   5.0094937e-02   2.5837025e-01
   1.4206962e+00   1.5400949e+00  -6.2162975e-01
   3.1069620e-01  -5.2990506e-01  -2.8162975e-01
   1.5606962e+00   2.2000949e+00   6.3837025e-01
   6.0069620e-01   7.0094937e-02   2.5837025e-01
   1.4906962e+00   1.4800949e+00  -6.2162975e-01
   4.2069620e-01  -3.6990506e-01  -3.0162975e-01
   1.9006962e+00   2.1200949e+00  -3.1629747e-02
   6.8069620e-01   7.0094937e-02   2.5837025e-01
   1.5206962e+00   1.4900949e+00  -6.2162975e-01
   4.7069620e-01  -2.7990506e-01  -3.1162975e-01
   1.9806962e+00   2.3000949e+00  -5.1629747e-02
   7.0069620e-01   8.0094937e-02   2.5837025e-01
   1.5406962e+00   1.4600949e+00  -6.2162975e-01
   5.1069620e-01  -2.0990506e-01  -3.2162975e-01
   7.7069620e-01   2.2009494e-01   2.4837025e-01
   6.3069620e-01  -4.9905063e-02  -3.3162975e-01
   6.8069620e-01   5.0094937e-02  -3.4162975e-01
   1.0106962e+00   7.4009494e-01   2.0837025e-01
   7.3069620e-01   1.3009494e-01  -3.5162975e-01
   1.0606962e+00   8.5009494e-01   2.0837025e-01
   8.6069620e-01   3.4009494e-01  -3.8162975e-01
   1.1906962e+00   1.0000949e+00   1.9837025e-01
   9.0069620e-01   4.0009494e-01  -3.8162975e-01
   1.2406962e+00   1.1000949e+00   1.8837025e-01
   9.6069620e-01   5.1009494e-01  -4.0162975e-01
   1.3006962e+00   1.2100949e+00   1.7837025e-01
   1.1106962e+00   7.7009494e-01  -4.2162975e-01
   1.4306962e+00   1.4000949e+00   1.6837025e-01
   1.1606962e+00   8.4009494e-01  -4.3162975e-01
   1.4906962e+00   1.5100949e+00   1.5837025e-01
   1.2106962e+00   9.3009494e-01  -4.4162975e-01
   1.5406962e+00   1.5800949e+00   1.5837025e-01
   1.3506962e+00   1.1600949e+00  -4.7162975e-01
   1.7006962e+00   1.8300949e+00   1.3837025e-01
   1.4106962e+00   1.2700949e+00  -4.8162975e-01
   1.7806962e+00   2.0100949e+00   1.2837025e-01
   1.4906962e+00   1.3400949e+00  -4.9162975e-01
   1.8906962e+00   2.1900949e+00   1.0837025e-01
   1.5906962e+00   1.4800949e+00  -5.0162975e-01
   1.6406962e+00   1.5500949e+00  -5.1162975e-01
   1.7306962e+00   1.6700949e+00  -5.3162975e-01
   1.8406962e+00   1.8500949e+00  -5.5162975e-01
