-1.4889 1.09408 -5.89588 -0.401049 0.483499 0.778067
-1.13932 0.935522 -5.62824 -0.104179 0.994519 0.00882602
1.09404 0.738447 -4.53106 0.26147 0.951472 0.162278
-1.26433 0.278026 -5.4722 -0.484475 -0.146061 0.862526
-1.55242 -0.132491 -5.84788 -0.108918 -0.0828505 0.990592
-1.51218 -0.18739 -5.84725 -0.14673 -0.125988 0.98112
-1.85213 -0.532959 -5.65752 -0.302008 0.558096 0.772865
0.293132 -0.218916 -4.61308 -0.0825564 -0.00659272 0.996565
0.895004 -1.2123 -4.02492 0.00894491 0.846852 0.531753
-0.0146579 -1.00935 -4.60085 -0.0665669 0.81099 0.581261
0.713014 -1.31943 -3.80594 0.0132459 0.941136 0.337769
0.0912043 1.51508 -5.06884 -0.000526163 0.993765 0.111496
0.0993179 1.42352 -5.02601 0.320133 0.943656 -0.0838367
0.684799 -0.0545285 -4.19282 -0.0070262 0.597813 0.801605
-1.78248 0.851829 -5.8902 -0.572139 0.461188 0.678205
-0.872425 0.115185 -5.24536 -0.524092 -0.626791 0.576594
-1.15975 0.109602 -5.44714 -0.558568 -0.145567 0.816585
1.36203 -1.38883 -3.64542 -0.00306861 0.860381 0.509643
1.11979 -1.27727 -3.89339 0.00511808 0.895735 0.44456
-2.0112 0.419228 -5.94718 0.711475 -0.377414 -0.592758
-1.44655 0.487362 -8.40095 -0.482789 0.874641 -0.043795
0.907698 -1.47904 -3.29647 -0.00527027 0.847104 0.531402
0.640547 -1.33443 -3.61227 0.0183468 0.939104 0.343144
0.465669 -1.32336 -3.65725 0.0147418 0.940078 0.34064
0.261172 -1.24743 -4.08401 0.000264217 0.906589 0.422014
-0.435926 -1.02678 -4.59736 -0.0908554 0.898792 0.428858
-1.51714 -0.620722 -5.4707 -0.277518 0.631378 0.724117
-1.57106 -0.607631 -5.50251 -0.236935 0.681946 0.691962
-0.695753 -1.19816 -4.14679 -0.0465341 0.827377 0.559716
-2.24934 -0.212354 -6.392 -0.159083 0.956273 0.245429
-1.10977 1.01642 -5.65255 -0.203605 0.978981 -0.0118851
-1.8212 0.4482 -5.81623 -0.519868 0.374837 0.767616
-1.33151 0.279304 -5.51438 -0.540768 -0.174499 0.822873
-0.901036 0.250231 -5.21143 -0.55165 -0.404199 0.729593
-0.894737 0.12486 -5.2635 -0.531779 -0.430152 0.729507
-1.5168 -0.0890313 -5.80468 -0.0833604 -0.116918 0.989637
-1.21639 -0.106916 -5.64918 -0.546565 0.0364054 0.836625
0.301939 -0.387427 -4.64264 -0.0224473 -0.000858527 0.999748
0.995774 -0.373109 -4.17863 -0.438975 -0.192322 0.877675
0.807874 -0.534481 -4.36206 -0.56821 -0.274285 0.775825
-0.541635 -0.661158 -5.33643 0.0580454 0.814699 0.576972
0.622488 -1.2804 -3.86391 0.0138456 0.957589 0.287804
-1.41363 1.00318 -5.81977 -0.457545 0.504739 0.732046
-1.90735 0.464245 -5.86977 -0.609752 0.372496 0.699606
-2.01472 0.321393 -6.01722 -0.410449 0.199727 0.889742
-1.73079 0.267305 -5.89559 -0.0754927 0.0942219 0.992685
-1.83288 0.172635 -6.01072 -0.0533286 0.0668998 0.996334
-1.17618 0.0367353 -5.58061 -0.614043 -0.0048071 0.789258
0.139957 -0.175823 -4.67159 -0.102363 -0.0192291 0.994561
-1.22892 -0.0647634 -5.62415 -0.540399 -0.0214626 0.841135
0.856755 -0.548027 -4.35341 -0.573051 -0.265649 0.77527
-1.99991 -0.210606 -6.21358 -0.313325 -0.108759 0.943398
-2.14651 -0.206087 -6.31923 -0.531295 0.785662 0.316957
-0.378751 -0.42568 -5.12839 0.0219714 -0.100714 0.994673
-1.44987 -0.328803 -5.85816 -0.259084 0.0243402 0.965548
-0.934762 -0.484919 -5.53544 -0.16085 -0.0374293 0.986269
-1.43622 1.00903 -5.83723 -0.457545 0.504739 0.732046
-1.94716 0.474285 -5.89868 0.737963 -0.421002 -0.527416
0.374654 -0.327275 -4.58155 -0.007844 -0.113837 0.993468
0.29363 -0.673017 -4.77454 -0.203909 0.220159 0.953914
-2.05237 0.00894829 -6.16176 -0.657881 0.0264699 0.752657
-0.963473 -0.764631 -5.13498 -0.110261 0.880543 0.460962
-1.70784 1.51558 -6.24952 0.869604 -0.269097 -0.413976
-0.0934386 1.07183 -5.24338 -0.337488 0.916147 0.21628
-1.5184 1.02419 -5.86117 -0.40995 0.459922 0.787663
0.784481 0.669019 -4.64253 0.235742 0.954951 0.18026
-0.973353 0.715619 -5.41389 -0.590994 0.791177 0.15737
-0.349621 0.538184 -5.02563 0.169666 0.984406 0.0464692
-0.256725 0.519855 -4.97284 0.200108 0.97798 0.0592639
-0.355471 0.506877 -5.00943 0.164829 0.984368 0.0620653
0.730735 0.400854 -4.4913 -0.22703 0.406754 0.884878
-0.107047 0.436644 -4.87683 -0.358577 0.451747 0.816913
-1.34843 0.450174 -5.44908 -0.342462 -0.0520977 0.938086
0.710369 0.369238 -4.48523 -0.198336 0.420416 0.885389
-1.13715 0.392774 -5.33028 0.772107 -0.635426 -0.00919935
-1.03787 0.3676 -5.26156 -0.482384 0.872158 0.0815258
-0.855013 0.321093 -5.15242 0.566675 0.812874 0.134591
-0.968972 0.307987 -5.23442 0.30972 0.938895 0.150166
-1.29388 0.322006 -5.45661 -0.511982 -0.0998301 0.853175
-1.12805 0.284322 -5.36586 -0.489186 -0.0685697 0.86948
-0.860506 0.27123 -5.16336 0.449176 0.882299 0.140674
-1.41394 0.301963 -5.6836 -0.535437 -0.222405 0.814766
-1.88808 0.309102 -6.01353 -0.0832533 0.0284498 0.996122
-0.696153 0.213483 -5.07146 -0.529391 -0.491326 0.691625
-1.01517 0.219614 -5.31114 -0.54999 -0.324406 0.769592
-1.83786 0.218367 -5.97371 -0.115171 0.0869249 0.989535
-0.678168 0.17845 -5.07538 -0.481747 -0.359902 0.798993
-0.8028 0.167821 -5.17121 -0.556526 -0.592379 0.582551
-0.982449 0.160539 -5.3045 -0.545309 -0.341384 0.765568
-1.47143 0.15939 -5.6622 -0.300125 -0.00826393 0.953864
-0.901327 0.150824 -5.25425 -0.534229 -0.427241 0.729428
-0.519041 0.129537 -4.98125 -0.500235 -0.142207 0.854133
-0.846964 0.131405 -5.22141 -0.549261 -0.607887 0.573398
-0.18162 0.0880369 -4.77 -0.502039 -0.000741982 0.864845
-0.534578 0.0902787 -5.01679 -0.518644 -0.169768 0.837966
-1.84156 0.0904871 -6.0332 -0.308705 0.0119669 0.951082
-0.134641 0.0538861 -4.7527 -0.524919 0.0047367 0.851139
-2.07609 0.0485988 -6.173 -0.672801 -0.0154751 0.739662
-1.81693 0.0416879 -6.05396 -0.328505 0.0760065 0.941439
-1.84609 -0.0356963 -6.09061 -0.36292 -0.09985 0.926455
0.66142 -0.0429768 -4.20664 -0.0070262 0.597813 0.801605
-1.75641 -0.0581408 -6.00774 -0.21804 0.220482 0.950708
-0.709101 -0.120018 -5.28929 0.715984 0.345899 -0.606401
-0.162482 -0.132878 -4.84564 -0.13467 -0.100551 0.985776
-0.609391 -0.143894 -5.2233 0.125406 0.704453 -0.698584
0.656255 -0.177672 -4.32422 0.000435267 0.623735 0.781636
-1.933 -0.26261 -6.17539 -0.338992 -0.0618756 0.938752
-0.768112 -0.235698 -5.39252 -0.524378 -0.340421 0.780475
0.720593 -0.197692 -4.297 0.0472717 0.0654326 0.996737
-0.122839 -0.228963 -4.92277 -0.0603956 -0.0194512 0.997985
-1.49671 -0.297433 -5.87896 -0.172573 0.0475953 0.983846
-0.611689 -0.274578 -5.28078 -0.101017 -0.637273 0.763988
-0.76922 -0.317066 -5.43249 -0.526444 -0.30548 0.793435
-1.0824 -0.328557 -5.59509 -0.273016 -0.120693 0.954409
-0.709163 -0.333492 -5.38923 -0.558611 -0.291155 0.776648
-0.340005 -0.366088 -5.06022 -0.119111 0.255143 0.959539
-1.08421 -0.448952 -5.64459 -0.368441 -0.147285 0.91791
-1.19114 -0.459246 -5.74228 -0.511566 -0.0772587 0.855764
-0.906182 -0.503089 -5.52609 -0.114021 0.0472818 0.992353
1.04802 -0.385442 -4.15975 -0.321759 0.0183908 0.946643
0.590791 -0.450094 -4.54747 -0.28047 -0.135595 0.950237
-0.124049 -0.509589 -5.04897 0.0565579 -0.00431188 0.99839
-0.823579 -0.562243 -5.49821 -0.211509 0.408816 0.887769
-0.371764 -0.544197 -5.16692 0.0570776 -0.0982553 0.993523
0.970681 -0.511482 -4.25465 -0.502873 -0.295268 0.812364
0.102289 -0.619118 -4.86151 -0.205749 0.168345 0.964016
-0.466207 -0.670903 -5.27266 0.0640504 0.343078 0.937121
-1.81997 -0.686387 -5.27052 -0.194702 0.496925 0.845669
1.20136 -0.58213 -4.1682 0.208858 -0.409351 0.88815
-0.202022 -0.705151 -5.11551 0.052515 0.819267 0.571002
0.587868 -0.689978 -4.6481 -0.178601 0.123859 0.976095
-0.00789702 -0.756967 -5.0348 0.0452357 0.613842 0.788132
0.051238 -0.767511 -4.95132 0.0216673 0.824731 0.565109
-1.0254 -0.788379 -4.9759 -0.0889528 0.812564 0.576045
0.422086 -0.87135 -4.74021 -0.0938488 0.378358 0.920889
0.578741 -0.914346 -4.6959 -0.207661 0.361517 0.908946
1.04294 -1.01156 -4.38153 -0.0615926 0.895943 0.439878
1.19393 -1.0494 -4.34728 -0.041172 0.85069 0.524053
0.00364241 1.04533 -5.18138 0.280466 0.95963 -0.0211852
-0.0279571 1.04139 -5.21043 -0.429681 0.872161 0.233898
-1.20092 1.11453 -6.23682 0.26773 0.960939 0.0701137
-1.20996 0.954149 -5.64668 -0.0902616 0.995917 0.00107601
-1.24627 0.967288 -5.70915 -0.478107 0.530462 0.700017
-1.36532 0.993286 -5.78663 -0.489361 0.503868 0.711788
-1.7869 0.892131 -5.91728 -0.583083 0.435341 0.685924
-1.83127 0.866705 -5.91983 0.728333 -0.343795 -0.592736
-0.275073 0.51872 -4.98607 0.191983 0.979474 0.0614286
-0.214219 0.498915 -4.94956 -0.41506 0.892885 0.174589
-0.0954383 0.468374 -4.88391 -0.378943 0.90227 0.205696
-0.0773017 0.453817 -4.84867 -0.358577 0.451747 0.816913
-2.17436 0.690307 -5.88287 0.777316 -0.416844 -0.471191
-1.99237 0.565955 -5.88726 0.840936 -0.2245 -0.492368
-1.61779 0.476778 -5.63681 -0.465714 0.0545992 0.883249
-1.72513 0.459437 -5.72906 -0.364402 0.210166 0.907216
-1.84466 0.483541 -5.80808 -0.557409 0.403108 0.72581
-1.78834 0.406909 -5.79314 -0.226558 0.17307 0.958498
-1.08737 0.279444 -5.3274 -0.553335 -0.178521 0.813603
-0.473517 0.0991728 -4.96623 -0.492359 -0.164341 0.854736
-1.79094 0.284059 -5.93656 -0.0777795 0.0541945 0.995497
-2.04219 0.278749 -6.03848 -0.369153 0.17012 0.913666
-1.73731 0.193774 -5.91653 -0.0397624 0.105767 0.993596
0.739121 -0.171711 -4.26235 0.0472717 0.0654326 0.996737
-0.776692 0.0229338 -5.26751 0.656178 0.437431 -0.614886
-0.699056 0.00615065 -5.24376 0.724543 0.373708 -0.579119
-1.7942 0.163244 -5.98913 -0.0473964 0.0758796 0.99599
-0.596947 -0.0205201 -5.18325 0.1467 0.771323 -0.619306
-1.73791 0.149606 -5.9367 -0.103633 0.0867348 0.990827
-2.05884 0.18762 -6.10274 -0.708052 0.111516 0.6973
-1.22281 0.0505528 -5.58694 -0.594055 -0.188848 0.781943
-0.77691 -0.0584544 -5.3022 0.64908 0.372785 -0.663119
-0.686574 -0.0863166 -5.26138 0.719677 0.313325 -0.619591
-0.703099 -0.0792604 -5.27889 0.715984 0.345899 -0.606401
-1.7433 0.020134 -5.99412 -0.184104 0.162195 0.969432
-2.19803 0.0736056 -6.2547 -0.476029 -0.0512724 0.877934
-1.54311 -0.0319296 -5.79344 -0.0982606 -0.0737255 0.992426
0.00810661 -0.262365 -4.87547 -0.34012 -0.0880518 0.936251
-1.49097 -0.058717 -5.76931 -0.17307 -0.20867 0.962551
-1.29991 -0.0881831 -5.70624 -0.492122 -0.110767 0.863451
-1.9049 -0.0230636 -6.14596 -0.357553 -0.090141 0.929532
-0.777719 -0.188795 -5.35987 -0.499177 -0.363011 0.786795
-0.399282 -0.244788 -5.05538 -0.0867684 -0.071074 0.99369
-1.10133 -0.145989 -5.52466 -0.280583 0.0287323 0.9594
-0.690437 -0.215169 -5.31578 -0.583509 -0.352012 0.73185
-1.65623 -0.0983917 -5.90973 -0.139285 0.145955 0.979437
-1.33941 -0.196744 -5.78919 -0.474526 -0.286564 0.83229
-1.29869 -0.209329 -5.76723 -0.506919 -0.273678 0.817394
-1.22848 -0.231173 -5.7145 -0.52357 -0.189962 0.830535
-1.18684 -0.239781 -5.69484 -0.537668 -0.170879 0.82566
-1.51141 -0.217636 -5.8532 -0.14673 -0.125988 0.98112
-0.603187 -0.362029 -5.3309 0.0793662 0.764346 -0.639904
-1.52362 -0.242512 -5.8536 -0.0882631 -0.006703 0.996075
-1.55953 -0.234137 -5.88831 -0.096055 -0.00836096 0.995341
-1.05999 -0.314582 -5.55547 -0.100152 -0.101142 0.989818
0.765162 -0.601488 -4.41819 -0.583261 -0.241857 0.775443
0.601586 -0.593092 -4.61571 -0.2804 -0.0343746 0.959268
-0.0641737 -0.525753 -4.97575 -0.0840946 0.259498 0.962075
-1.29786 -0.422557 -5.81658 -0.527887 -0.272375 0.804455
-0.60721 -0.648838 -5.37521 0.0595125 0.779178 0.623971
-0.750382 -0.816376 -5.00458 -0.0969611 0.857326 0.505559
-2.31465 -0.64623 -5.32283 -0.20383 0.429331 0.879845
-2.1944 -0.831642 -4.75203 -0.128867 0.783342 0.608086
0.606958 -1.34131 -3.62678 0.0183468 0.939104 0.343144
0.688131 -1.3611 -3.56898 0.0208366 0.946372 0.322407
-0.0700479 1.04944 -5.22596 -0.429681 0.872161 0.233898
-0.220694 0.94018 -5.24435 -0.526423 0.819644 0.225972
-0.162803 0.928199 -5.20306 -0.526423 0.819644 0.225972
-1.782 0.848906 -5.86341 -0.547704 0.468612 0.693126
-1.03277 0.733851 -5.45519 -0.413857 0.903813 0.108831
-0.396476 0.51047 -5.02417 0.153168 0.986436 0.0590269
-0.306296 0.490107 -4.94411 -0.427321 0.889045 0.164306
-1.92934 0.540768 -5.84992 0.840936 -0.2245 -0.492368
0.677332 0.389148 -4.49342 -0.220848 0.397971 0.890419
-1.88977 0.495867 -5.84168 -0.609653 0.452882 0.650554
-1.81763 0.412949 -5.84383 -0.441192 0.280258 0.852529
-1.94459 0.346294 -5.94401 -0.349019 0.205443 0.914319
-0.659529 0.271776 -5.0219 -0.524733 -0.313345 0.791499
-0.453194 0.216776 -4.91302 -0.472318 0.0984782 0.875909
-0.843304 0.22714 -5.18096 -0.538336 -0.634909 0.554152
-0.559412 0.205198 -4.985 -0.49073 -0.0890401 0.86675
-0.565647 0.169368 -4.99986 -0.497549 -0.0810186 0.863644
-0.621489 0.161143 -5.04092 -0.586595 -0.190372 0.787188
-0.489555 0.143607 -4.96661 -0.499372 -0.136653 0.855543
-1.89028 0.186204 -6.0767 -0.276528 0.00695395 0.960981
-0.713782 0.147881 -5.1195 -0.57601 -0.572597 0.583392
-1.06481 0.135266 -5.37291 -0.469776 -0.185807 0.86301
-0.206963 0.113835 -4.77542 -0.471163 -0.00803376 0.88201
-0.492891 0.0431026 -4.99789 -0.520161 -0.181612 0.834536
-1.89656 0.055743 -6.13875 -0.372299 -0.103478 0.922326
-0.428094 -0.00627116 -4.97463 -0.52912 -0.171697 0.830994
-0.506942 -0.0404667 -5.03932 0.183791 0.889925 -0.417437
-1.82337 -0.0451989 -6.08695 -0.382439 -0.109239 0.917501
-1.5155 -0.0499157 -5.8039 -0.137445 -0.131138 0.98179
0.0759409 -0.0746702 -4.66433 -0.525434 -0.122389 0.841986
-0.301373 -0.0817895 -4.9089 -0.491535 -0.27577 0.826041
1.68611 -0.085481 -4.68558 -0.243818 -0.0519456 0.968429
1.71392 -0.0907234 -4.67348 -0.141628 -0.104731 0.984364
-0.76285 -0.110473 -5.35792 0.619481 0.352205 -0.701566
0.433497 -0.102911 -4.43634 -0.488984 -0.116163 0.864523
-0.684999 -0.123966 -5.28228 0.719677 0.313325 -0.619591
0.470934 -0.109233 -4.41295 -0.490886 -0.16752 0.854966
0.175052 -0.109502 -4.6078 -0.209465 0.197828 0.957595
-2.0634 -0.147086 -6.23291 -0.359386 -0.066298 0.930831
-0.553855 -0.182669 -5.13722 -0.0913976 -0.635835 0.766395
-1.04693 -0.209063 -5.51184 -0.132755 -0.0927607 0.986799
-0.709584 -0.206343 -5.32522 -0.577073 -0.357256 0.734408
0.472308 -0.180244 -4.44379 -0.53653 -0.314213 0.783202
-1.82813 -0.257041 -6.09741 -0.466839 0.0541481 0.882683
-0.686227 -0.253861 -5.34274 -0.55771 -0.319414 0.766117
-0.517626 -0.25578 -5.13349 -0.0665806 -0.49399 0.866915
0.702627 -0.222608 -4.31827 0.0491346 -0.0271028 0.998424
0.498212 -0.225357 -4.43716 -0.537264 -0.313929 0.782813
-0.041273 -0.251659 -4.887 -0.0716216 -0.0482659 0.996263
-0.492299 -0.269038 -5.13135 0.0401123 0.112441 0.992848
-1.04098 -0.314589 -5.49288 0.0174904 -0.137289 0.990377
0.616412 -0.262844 -4.38821 -0.53146 -0.309832 0.788387
-0.502671 -0.325419 -5.16374 0.0358796 -0.0288005 0.998941
0.532533 -0.284755 -4.44455 -0.545294 -0.315147 0.776747
0.826278 -0.308904 -4.2757 0.139548 -0.0862011 0.986456
-0.420078 -0.386457 -5.11876 0.0187173 -0.232435 0.972432
0.575084 -0.343087 -4.44033 -0.55245 -0.309054 0.774135
-0.456475 -0.399414 -5.16507 0.0314863 -0.195673 0.980164
-2.72274 -0.462531 -5.83964 -0.380591 0.506334 0.773807
-0.0433415 -0.409674 -4.95197 -0.0744794 0.0853419 0.993564
-0.499435 -0.448876 -5.22302 0.0556471 -0.091969 0.994206
0.512111 -0.430641 -4.5827 -0.166589 -0.159223 0.973086
-0.336357 -0.491596 -5.11396 0.0310765 0.26987 0.962395
-0.781909 -0.572354 -5.46823 -0.21874 0.361073 0.90652
1.12074 -0.447652 -4.13227 0.138571 0.366246 0.920142
1.09425 -0.471293 -4.16962 0.0295577 0.513903 0.857339
0.582662 -0.544483 -4.57299 -0.201015 -0.0862811 0.975781
0.470182 -0.560764 -4.65837 -0.138172 -0.0127915 0.990326
0.5096 -0.568844 -4.63892 -0.168063 0.0315971 0.98527
0.53029 -0.571079 -4.62854 -0.152596 0.00754005 0.98826
-1.66222 -0.677357 -5.35116 -0.195296 0.559817 0.805273
1.06129 -0.545695 -4.21105 0.183731 -0.350479 0.918372
0.935904 -0.59571 -4.30769 -0.541591 -0.269561 0.796251
0.472819 -0.65771 -4.70493 -0.141015 0.170616 0.975195
0.509356 -0.669476 -4.67955 -0.112001 0.0913078 0.989504
0.807204 -0.64916 -4.39968 -0.561797 -0.249857 0.788641
0.263117 -0.736599 -4.79924 -0.257432 0.471055 0.843703
0.794959 -0.843612 -4.48116 -0.38687 0.11723 0.914652
0.74305 -0.880972 -4.53255 -0.340947 0.249627 0.906334
0.661187 -0.922627 -4.59399 -0.24216 0.43584 0.866835
0.854048 -0.906692 -4.4735 -0.347697 0.196682 0.916746
-0.448413 -0.971484 -4.66001 -0.0996815 0.922915 0.371876
0.843535 -0.951615 -4.47972 -0.348127 0.258417 0.901126
-1.72344 -1.0622 -4.17882 -0.0527675 0.819396 0.570795
0.783439 -1.28653 -4.18809 0.0243127 0.849899 0.526384
1.48565 -1.31869 -3.69337 -0.006507 0.868703 0.49529
-0.238594 -1.31915 -3.71389 0.0115665 0.94009 0.340731
-1.69461 1.94127 -6.17648 -0.418765 0.568212 0.708358
-1.73882 1.57108 -6.35837 0.925961 -0.283891 -0.249001
-1.86623 1.40272 -6.27014 0.962962 -0.269082 0.0172664
-0.120754 1.0817 -5.26546 -0.340716 0.915989 0.211842
0.187054 1.09301 -5.3888 0.38771 0.921576 -0.0194443
-1.42487 1.06355 -5.81146 -0.489361 0.503868 0.711788
-1.33294 1.04503 -5.7576 -0.508997 0.526428 0.681025
-1.33353 0.982095 -5.71715 -0.496878 0.425654 0.756261
-1.27135 1.05276 -6.18895 -0.0714142 0.996079 0.0522225
0.765699 0.679306 -4.68465 0.256094 0.952212 0.16646
-2.02932 0.582479 -5.91012 0.927215 -0.167149 -0.335163
-0.241155 0.470839 -4.93532 -0.426074 0.886856 0.178735
-1.62621 0.362431 -5.70411 -0.25708 -0.00751293 0.966361
-0.535161 0.238795 -4.95884 -0.483474 -0.0250626 0.875
-0.901849 0.216543 -5.25142 -0.547033 -0.398456 0.736198
-1.19931 0.192529 -5.43798 -0.544984 -0.166859 0.821675
-0.348373 0.164322 -4.83784 -0.482172 0.0880742 0.871638
-1.89446 0.209454 -6.07461 -0.350751 0.0268258 0.936085
-1.81477 0.16989 -6.0032 -0.0439391 0.0807274 0.995767
-0.0590296 0.115569 -4.68237 -0.463447 0.0968061 0.880821
-1.35924 0.108886 -5.66224 -0.502965 -0.188926 0.843406
-1.30213 0.0708663 -5.60377 -0.547928 -0.185669 0.81566
-1.2343 0.0687969 -5.62186 -0.56694 -0.204844 0.797883
-0.329904 0.0500412 -4.88728 -0.535201 -0.11013 0.837515
-0.823365 0.0539447 -5.26158 0.590604 0.493934 -0.638135
-0.192841 0.0413577 -4.82408 -0.496915 -0.0265654 0.867393
0.138497 0.0301242 -4.57745 -0.482218 0.0561838 0.874248
0.368606 0.018301 -4.43178 -0.263212 0.27342 0.925181
-1.93986 -0.0556024 -6.22009 -0.577908 -0.193195 0.792904
0.15196 -0.0772676 -4.61324 -0.450653 0.095489 0.887578
0.048522 -0.0845337 -4.66757 -0.525434 -0.122389 0.841986
0.359847 -0.0934253 -4.46453 -0.505244 -0.119698 0.854635
1.25365 -0.117284 -4.53344 -0.248481 0.0181539 0.968467
1.29455 -0.124432 -4.52964 -0.248481 0.0181539 0.968467
-2.0811 -0.213182 -6.30606 -0.524954 0.0771996 0.847622
-0.523926 -0.174335 -5.10776 -0.0812345 -0.590715 0.802781
0.545091 -0.159403 -4.38482 -0.53178 -0.322274 0.783167
-1.36273 -0.222965 -5.81806 -0.475075 -0.295648 0.828792
0.367906 -0.17959 -4.49979 -0.103977 -0.00271485 0.994576
-0.383553 -0.215448 -5.03578 -0.0893227 -0.0268098 0.995642
-0.613718 -0.228049 -5.23255 0.703779 0.288586 -0.649163
0.560362 -0.206416 -4.39566 -0.517045 -0.299974 0.801673
-0.950808 -0.251024 -5.46695 -0.0915387 -0.157864 0.983209
0.665094 -0.212157 -4.32467 0.0400539 0.0113854 0.999133
-0.484983 -0.243661 -5.13009 -0.0566789 -0.464084 0.883976
-0.61055 -0.251542 -5.25324 -0.0957373 -0.630278 0.770444
-1.4627 -0.286136 -5.82212 -0.264663 0.00843172 0.964304
-1.01698 -0.284217 -5.52856 -0.105595 -0.0872092 0.990578
0.643171 -0.227576 -4.34268 -0.531854 -0.320353 0.783904
0.560085 -0.238736 -4.40478 -0.541702 -0.317752 0.778198
0.692139 -0.2485 -4.32216 -0.33222 -0.22807 0.915213
0.633858 -0.245262 -4.34491 -0.527159 -0.309858 0.791259
0.751562 -0.283754 -4.29868 0.161309 -0.0960893 0.982215
-0.132137 -0.344427 -4.93918 -0.0762155 0.13869 0.987399
0.0635505 -0.333806 -4.7649 -0.290503 0.0692626 0.954364
0.497766 -0.323036 -4.47407 -0.282289 -0.131972 0.950208
-0.0192147 -0.37215 -4.86816 -0.101932 0.0398167 0.993994
0.672534 -0.337095 -4.3661 -0.241738 -0.202329 0.949013
0.69114 -0.354332 -4.36398 -0.241738 -0.202329 0.949013
0.865793 -0.35593 -4.25701 -0.382918 -0.221059 0.896943
-0.352693 -0.434241 -5.12174 0.0193375 -0.130486 0.991262
-2.10602 -0.478588 -5.65437 -0.334822 0.373842 0.864949
0.473451 -0.423488 -4.62003 -0.154255 -0.177096 0.97203
0.53011 -0.433773 -4.56966 -0.185954 -0.166977 0.968266
-1.08309 -0.541118 -5.67844 -0.362541 0.371595 0.854682
0.299879 -0.468356 -4.66944 -0.000877475 0.0347903 0.999394
-0.482865 -0.547972 -5.25318 0.0510476 0.115601 0.991983
0.0590956 -0.511662 -4.84765 -0.139805 0.170106 0.975458
1.29784 -0.441123 -4.04224 0.2189 0.339136 0.914915
0.845562 -0.470089 -4.30162 -0.539907 -0.29575 0.788056
1.16664 -0.464452 -4.11048 0.143177 0.34014 0.929411
0.508372 -0.52629 -4.61285 -0.135055 -0.0990952 0.98587
0.548977 -0.534553 -4.60247 -0.135055 -0.0990952 0.98587
0.310151 -0.542023 -4.68749 0.0135178 0.0247291 0.999603
-1.55607 -0.644092 -5.42739 -0.208852 0.583841 0.784545
-1.35665 -0.639883 -5.29105 -0.200523 0.493895 0.846084
2.67709 -0.693154 -5.48598 0.0571293 0.961951 0.267182
1.29632 -0.518868 -4.06158 0.224735 0.166559 0.960079
0.264866 -0.647915 -4.75916 -0.192638 0.209142 0.958723
2.98861 -0.764589 -5.39978 0.0522232 0.991005 0.123217
2.77616 -0.747254 -5.3618 0.0472897 0.987205 0.152284
0.131121 -0.703582 -4.86995 -0.212258 0.622416 0.753356
0.864217 -0.658043 -4.36409 0.176598 -0.578759 0.796148
-1.04344 -0.781559 -5.08943 -0.099936 0.858198 0.503497
0.970638 -0.662214 -4.29588 -0.250815 0.774551 -0.580657
2.94821 -0.840267 -5.32485 0.0395915 0.984576 0.170417
0.111726 -0.768497 -4.89852 -0.151077 0.710597 0.687188
0.97772 -0.681867 -4.28558 -0.205393 0.704073 -0.679776
0.865443 -0.695089 -4.36577 -0.193816 0.90906 -0.368843
-1.93529 -0.799023 -4.96062 -0.0982143 0.850752 0.516309
-0.67864 -0.833532 -4.99274 -0.0972199 0.856834 0.506343
1.24842 -0.705212 -4.1346 0.212959 -0.221337 0.951661
-0.936304 -0.850723 -4.88685 -0.114174 0.828734 0.547872
-1.82526 -0.846647 -4.81743 -0.106764 0.864649 0.490901
1.28139 -0.778581 -4.1511 0.204916 -0.106259 0.972995
0.869148 -0.851413 -4.41671 -0.487115 0.0290905 0.872853
0.649693 -0.896196 -4.58786 -0.242998 0.438564 0.865225
1.27439 -0.82733 -4.16302 0.166208 -0.105192 0.980464
-0.22888 -0.941547 -4.69871 -0.0929902 0.915604 0.391181
0.6298 -0.931687 -4.60748 -0.242195 0.533012 0.810704
2.59905 -1.01053 -4.85641 0.0175869 0.999131 0.0377946
-1.83521 -0.958673 -4.50427 -0.0986542 0.91433 0.392769
-2.32555 -0.942409 -4.40895 -0.0956351 0.905986 0.412363
1.27618 -0.906473 -4.20583 0.0844348 0.248944 0.96483
1.24848 -1.04055 -4.2512 0.00221062 0.664988 0.746851
-1.68825 -1.07439 -4.21345 -0.0527675 0.819396 0.570795
-1.91194 -1.13173 -4.06895 -0.0388215 0.802684 0.59514
0.471362 -1.18423 -4.1538 -0.000136682 0.892955 0.450146
-0.352258 -1.17728 -4.06384 -0.0315065 0.823528 0.5664
-1.66697 -1.17693 -3.91964 -0.0311076 0.829634 0.55744
-1.52969 -1.18717 -3.87652 -0.024173 0.854824 0.518355
0.907712 -1.23651 -3.93333 0.00452938 0.897392 0.44121
1.09055 -1.2559 -3.9579 0.00189289 0.872859 0.48797
1.12676 -1.2634 -3.9171 0.00511808 0.895735 0.44456
0.432554 -1.30953 -3.64426 0.0134284 0.943115 0.332195
1.41958 -1.35765 -3.59914 -0.00306861 0.860381 0.509643
-1.74681 1.88904 -6.0267 -0.452419 0.535823 0.712889
-1.67951 1.49542 -6.17723 0.848823 -0.163669 -0.502705
-1.78956 1.42515 -6.18733 0.937423 -0.27217 -0.217169
-1.82351 1.38767 -6.18115 0.937423 -0.27217 -0.217169
-1.26527 1.03382 -5.7289 -0.504198 0.516307 0.692251
-1.21572 1.02175 -5.70409 -0.123309 0.806115 0.57877
-0.0335646 0.485748 -4.81967 -0.371052 0.903002 0.216581
-0.0514981 0.477153 -4.841 -0.359597 0.909586 0.20819
-0.267947 0.47623 -4.93958 -0.427914 0.88734 0.171808
-2.07622 0.622135 -5.93011 0.977492 0.0210083 -0.209924
-2.34119 0.593059 -5.39001 -0.44829 0.238617 0.861451
-2.05654 0.585878 -5.91896 0.978117 -0.0793316 -0.192337
-1.36449 0.372214 -5.47542 -0.504701 -0.109337 0.856342
-1.25809 0.345176 -5.43092 -0.485856 -0.146664 0.861646
-1.90723 0.43652 -5.86869 -0.581761 0.362594 0.728065
-1.22999 0.31965 -5.4319 -0.51252 -0.135957 0.847844
-0.669652 0.22524 -5.05457 -0.497477 -0.354201 0.791871
-1.32767 0.324911 -5.4897 -0.482788 -0.105687 0.869337
0.0214208 0.0939148 -4.64067 -0.46828 0.0913119 0.878849
0.227311 0.045366 -4.52958 -0.484689 0.110175 0.86772
-1.04113 0.246269 -5.29866 -0.553522 -0.0906081 0.827891
-1.6558 0.346539 -5.72755 -0.266104 0.031912 0.963416
-0.642134 0.15992 -5.65169 0.15888 0.973041 0.16718
0.745308 -0.0851398 -4.23943 0.000312859 0.529239 0.848473
-0.357156 0.0848803 -4.88041 -0.505542 -0.0365455 0.862028
-1.02271 0.185883 -5.33922 -0.55124 -0.291739 0.78168
-1.63073 0.237005 -5.74269 -0.188724 -0.0800726 0.97876
-0.474286 0.0431499 -4.96997 -0.521636 -0.172685 0.835509
-1.89111 0.234888 -6.04882 -0.431615 -0.0685625 0.899449
-1.6321 0.196238 -5.76466 -0.186725 -0.0376828 0.981689
-2.15484 0.25449 -6.13854 0.813343 -0.136348 -0.565582
-1.62217 0.16727 -5.77772 -0.174697 -0.0699377 0.982135
-1.39024 0.117745 -5.63376 -0.523629 -0.183982 0.831843
-2.02377 0.204051 -6.03275 -0.0930721 0.0569844 0.994027
-0.68227 0.0024801 -5.22635 -0.129918 -0.654025 0.745233
-1.89647 0.105651 -6.09811 -0.341042 -0.0888214 0.935842
-1.6207 0.0495203 -5.83069 -0.125631 0.0571766 0.990428
-1.74599 0.0660705 -5.95166 -0.212705 0.256621 0.942816
-0.601493 -0.103691 -5.21065 0.148153 0.813792 -0.561956
-0.487531 -0.127952 -5.06779 -0.0849161 -0.590092 0.802858
-0.514122 -0.122938 -5.078 -0.083685 -0.607449 0.789938
0.3062 -0.23947 -4.58934 -0.0383045 -0.07081 0.996754
-1.58242 -0.0165492 -5.83381 -0.109919 0.00529643 0.993926
-1.19101 -0.0761754 -5.5976 -0.506355 0.0737181 0.859168
-0.164698 -0.220861 -4.94476 -0.0605841 0.0476683 0.997024
-0.426652 -0.191678 -5.05548 0.0458829 -0.120098 0.991701
-1.33047 -0.0824171 -5.75896 -0.501698 -0.282127 0.817743
0.296167 -0.301901 -4.59784 -0.0339395 -0.00584724 0.999407
-0.516105 -0.196508 -5.11017 -0.0812345 -0.590715 0.802781
0.984934 -0.423499 -4.20995 -0.453754 -0.169041 0.874947
-1.60888 -0.0875583 -5.86319 -0.0805814 0.0373207 0.996049
-0.555775 -0.251846 -5.15206 -0.0557356 -0.452348 0.890098
-0.165027 -0.335628 -4.99071 -0.0736088 0.134913 0.98812
-0.481854 -0.32989 -5.15653 0.0336507 -0.0940023 0.995003
-0.167051 -0.37816 -5.00593 -0.0695831 0.136471 0.988197
1.29378 -0.57613 -4.07675 0.159599 0.113709 0.980611
-1.99134 -0.165408 -6.16899 -0.283411 -0.112286 0.952402
-0.690646 -0.34121 -5.37517 -0.558611 -0.291155 0.776648
-1.13729 -0.275267 -5.58214 -0.216735 -0.0913627 0.971946
-2.03654 -0.187437 -6.23222 -0.323543 -0.127323 0.937608
-2.06473 -0.181939 -6.23488 -0.324199 -0.13511 0.936291
-0.486591 -0.399698 -5.17243 0.0261778 -0.239733 0.970486
-0.407458 -0.425201 -5.13306 0.0219714 -0.100714 0.994673
-1.98251 -0.249846 -6.2124 -0.356268 -0.0555074 0.932734
-1.87332 -0.277423 -6.16527 -0.467114 -0.0599128 0.882165
-0.166777 -0.497571 -5.06508 0.0565579 -0.00431188 0.99839
-2.79063 -0.179701 -6.69678 0.740688 -0.637046 -0.213432
-1.48808 -0.345006 -5.89275 -0.191522 0.122773 0.973779
0.000651974 -0.543371 -4.98733 -0.0853428 0.163829 0.98279
-1.53005 -0.399527 -5.934 -0.253062 0.232415 0.939118
0.128408 -0.616679 -4.84605 -0.19811 0.201545 0.959235
0.548925 -0.676649 -4.65937 -0.14762 0.105353 0.983417
-0.560327 -0.535191 -5.29564 0.082482 0.990286 0.11194
0.290367 -0.643867 -4.74779 -0.195847 0.198793 0.960274
-0.589002 -0.585487 -5.33475 0.0762445 0.937063 0.340734
-2.32384 -0.423845 -5.9931 -0.371672 0.597646 0.710408
-0.279161 -0.931826 -4.71095 -0.123474 0.877961 0.462535
-1.1629 -0.812587 -5.00566 -0.0793436 0.847263 0.525213
-1.86856 -0.784519 -5.02474 -0.0864361 0.856344 0.509121
-1.86441 -0.99152 -4.43073 -0.0958638 0.902836 0.419163
-1.65594 -1.15311 -4.02434 -0.0439277 0.781902 0.621851
-1.04817 -1.29536 -3.76944 -0.0236678 0.864751 0.501644
0.0818358 1.06825 -5.19175 0.280466 0.95963 -0.0211852
-1.17415 1.02145 -5.70599 -0.200784 0.979596 -0.00884993
-1.29361 1.05076 -5.79446 -0.357736 0.616012 0.701822
-1.38326 1.06779 -5.85433 -0.496464 0.504507 0.706397
-1.16882 1.06866 -6.11305 0.0591179 0.996609 0.0572262
-1.2109 0.989437 -5.71635 -0.153274 0.832181 0.532899
-1.36771 1.03942 -5.8241 -0.496464 0.504507 0.706397
-1.38423 1.04607 -5.83382 -0.489361 0.503868 0.711788
-1.45556 1.034 -5.86553 -0.457545 0.504739 0.732046
-0.0493274 0.466859 -5.14743 0.247225 0.968956 0.00178083
0.711881 -0.0769301 -4.23703 0.00388901 0.629842 0.776713
-1.47537 0.478962 -5.51856 -0.418738 -0.0123232 0.908024
-0.776256 0.24979 -5.10533 -0.567535 -0.624999 0.535986
-0.924313 0.297125 -5.20361 0.305575 0.940809 0.146635
-1.80323 0.54285 -5.77194 0.758462 -0.226967 -0.610919
1.23791 -0.428919 -4.00298 0.2189 0.339136 0.914915
-0.680463 0.135273 -5.10015 -0.559033 -0.44119 0.702021
0.112175 -0.205255 -4.70722 -0.451608 -0.0477546 0.890937
-0.0376326 -0.170874 -4.74015 -0.553423 -0.33534 0.762411
-1.1615 0.17561 -5.42624 -0.537577 -0.162466 0.827415
0.577039 -0.367793 -4.43814 -0.55607 -0.311649 0.770494
-1.20476 0.171121 -5.4586 -0.546859 -0.169384 0.819911
-0.948964 0.0394555 -5.33296 -0.422324 -0.118666 0.898644
-1.82231 0.293855 -5.96134 -0.0272409 0.0299013 0.999182
0.42219 -0.404174 -4.55792 -0.0228137 -0.10644 0.994057
-1.04174 0.00535952 -5.41988 -0.413112 0.0441017 0.909612
-1.27885 0.0788248 -5.62033 -0.547928 -0.185669 0.81566
-0.249464 -0.24582 -4.99094 -0.0724527 0.0671419 0.995109
-1.79346 0.207433 -5.97278 -0.0754736 0.0607199 0.995297
-2.07615 0.289917 -6.07812 -0.446408 0.175051 0.87754
1.21319 -0.754215 -4.14248 0.192526 -0.0429433 0.980352
0.980509 -0.681287 -4.30323 -0.250815 0.774551 -0.580657
-0.071571 -0.359193 -4.89428 -0.0796624 0.1011 0.991682
-1.82678 0.192537 -5.99997 -0.0751682 0.0658643 0.994993
-1.96745 0.285728 -7.93217 -0.701629 0.709012 -0.0708416
-0.0919694 -0.376275 -5.00971 -0.0695831 0.136471 0.988197
1.27078 -0.830391 -4.17814 0.166208 -0.105192 0.980464
-1.58688 0.0396765 -5.79619 -0.158213 -0.011443 0.987339
-0.701967 -0.250991 -5.35754 -0.547578 -0.316471 0.7746
-2.23587 0.261013 -8.15549 -0.545374 0.833323 -0.0902231
-1.0824 -0.14732 -5.50509 -0.262623 0.0298029 0.964438
-1.17581 -0.119697 -5.65128 -0.578191 0.030132 0.815345
-1.79591 0.0774018 -6.03239 -0.326957 0.0990645 0.939833
-2.10252 0.204072 -7.64819 -0.661002 0.747458 -0.0662005
0.529353 -0.678701 -4.67227 -0.150116 0.0998136 0.983617
-1.83457 0.0444426 -6.06518 -0.344189 0.0635736 0.936745
-0.677424 -0.340259 -5.35479 -0.5583 -0.292793 0.776256
-0.550335 -0.392837 -5.22478 0.099174 0.721839 -0.684918
-0.993449 -0.263038 -5.48196 -0.0810944 -0.157635 0.984162
0.967211 -0.941952 -4.41213 -0.12002 0.812517 0.570448
-0.943241 -0.345224 -5.4874 0.00544718 -0.17446 0.984649
-1.03042 -0.319469 -5.55173 -0.0683864 -0.140896 0.98766
-0.291544 -0.60362 -5.13536 0.0506813 0.214681 0.975368
-1.45996 -0.225178 -5.79928 -0.156123 -0.218781 0.963203
1.28416 -1.12143 -4.301 0.00757395 0.823704 0.56697
0.607204 -0.909528 -4.59398 -0.242195 0.533012 0.810704
-0.0962132 -0.724298 -5.05511 0.0541814 0.550704 0.83294
-1.02228 -0.42903 -5.578 -0.1715 -0.124563 0.977278
-1.82418 -0.207005 -6.08464 -0.362114 -0.00761868 0.932103
-1.56148 -0.359191 -5.94473 -0.278384 0.326643 0.90322
-1.39308 -0.426785 -5.83883 -0.279899 -0.0663717 0.957732
-1.05493 -0.548029 -5.74974 -0.546411 -0.218289 0.80857
-2.12049 -0.219742 -6.30901 -0.524954 0.0771996 0.847622
1.06934 -1.25417 -3.93982 0.00551913 0.894719 0.446596
0.84483 -1.21472 -4.01468 0.00781848 0.858995 0.511923
-0.493271 -0.880403 -4.86675 -0.126131 0.75984 0.637757
-0.599726 -0.844768 -4.89177 -0.126008 0.781489 0.611063
-0.699044 -0.817151 -4.94594 -0.10182 0.815648 0.569518
-1.36817 -0.642548 -5.31987 -0.201895 0.485067 0.850852
-2.71944 -0.222508 -6.29001 -0.329479 0.881844 0.337335
-1.92063 -0.513771 -5.65656 -0.341958 0.40205 0.849365
-2.11667 -0.47512 -5.86597 -0.349921 0.652878 0.671793
-1.30935 -0.743376 -5.09459 -0.101952 0.844105 0.526395
-1.65879 -0.693811 -5.18239 -0.144218 0.36653 0.919161
-1.75035 -0.745808 -5.05162 -0.0913717 0.8186 0.567049
0.295288 -1.39711 -3.39497 -0.00501938 0.88628 0.463123
-1.89445 -0.791182 -4.93087 -0.0982143 0.850752 0.516309
-1.85286 -0.864717 -4.67569 -0.102046 0.912137 0.396979
0.108042 1.58902 -5.29949 0.309603 0.948772 -0.0630666
0.0846304 1.50567 -5.39049 0.309603 0.948772 -0.0630666
-0.0305278 1.08408 -5.22924 0.272826 0.961501 -0.0328915
-0.479125 1.47827 -6.62029 0.215463 0.968624 -0.12387
-0.169793 0.929213 -5.20593 -0.526423 0.819644 0.225972
-1.21355 1.02946 -5.71839 -0.123309 0.806115 0.57877
-1.26034 1.02653 -5.74 -0.435317 0.570128 0.696744
-1.35716 1.06246 -5.80836 -0.471612 0.531671 0.703496
-1.16938 0.949078 -5.66458 -0.129759 0.991314 0.0214218
-1.21066 0.956529 -5.6843 -0.159426 0.772294 0.614935
0.766974 -0.218806 -4.26318 0.0422029 0.114151 0.992567
0.976661 -0.468739 -4.21972 -0.47427 -0.139138 0.869315
1.03768 -0.650152 -4.31278 -0.220455 0.777706 -0.588704
-1.90203 0.502688 -5.85488 -0.67375 0.404403 0.618482
-1.1164 0.0898183 -5.43261 -0.508177 0.0411609 0.860269
1.48051 -1.32864 -3.70481 -0.006507 0.868703 0.49529
-1.02672 0.485678 -8.6377 -0.545008 0.837269 -0.0441342
0.632807 -0.952633 -4.61831 -0.229232 0.524686 0.819852
-1.38496 0.543077 -8.65592 -0.535054 0.843361 -0.0495965
0.905791 -1.26458 -3.86294 0.00850533 0.923888 0.382569
0.699666 -1.24699 -4.05826 0.00472243 0.903964 0.427584
0.491108 -1.18761 -4.14844 -0.000598155 0.892879 0.450296
-1.41951 -0.0710077 -5.75383 -0.50077 -0.290193 0.815486
0.533952 -1.37235 -3.59342 0.0147754 0.940135 0.340482
-1.45244 -0.29464 -5.85334 -0.226133 -0.0152982 0.973976
0.222291 -1.42549 -3.44142 -0.00690387 0.892225 0.451538
-1.16672 -0.478343 -5.73857 -0.51385 -0.0796833 0.854172
-1.97703 -0.0578408 -6.09876 -0.355068 -0.112466 0.928051
-0.8468 -0.796995 -5.06489 -0.091934 0.860088 0.501793
-2.15924 -0.0786145 -6.27202 -0.421269 0.0797056 0.903427
-1.83224 -0.331454 -6.12819 -0.486322 0.136912 0.862987
-1.87125 -0.315637 -6.14457 -0.519988 0.116791 0.846151
-1.50072 -0.651735 -5.37738 -0.197022 0.565595 0.800802
-1.21098 -1.13535 -4.24198 -0.050752 0.867458 0.494914
-1.75409 1.91535 -6.08145 -0.418765 0.568212 0.708358
-0.0448276 0.413915 -4.83752 -0.358577 0.451747 0.816913
-1.31692 1.05468 -5.77461 -0.422387 0.579597 0.696891
-1.83288 1.38915 -6.46483 0.956681 -0.265408 0.119663
-1.83984 1.26383 -6.54124 0.92476 -0.372638 0.0772031
-1.94195 1.18735 -6.39892 0.927262 -0.371143 0.0493799
-1.87303 1.15404 -6.5487 0.929679 -0.364151 -0.0555964
-1.78054 1.1747 -6.73336 0.984172 -0.124355 0.12626
-1.95694 1.10876 -6.34374 0.913066 -0.407388 0.0185776
-1.74714 1.16052 -6.83499 0.999253 -0.0230555 0.0310142
-1.69935 1.16129 -6.90978 0.997395 -0.0398294 0.0601398
-1.96657 1.07292 -6.38881 0.913066 -0.407388 0.0185776
-0.807467 0.223671 -5.19275 -0.541393 -0.613068 0.575362
-0.577749 0.0507105 -5.06361 0.758921 0.190875 -0.62258
-1.62668 1.06684 -7.17364 -0.301847 0.948365 -0.0974307
-1.74877 1.0392 -6.92958 0.991232 -0.113266 0.0680442
-1.82197 1.02754 -6.78425 0.976809 -0.156645 0.14597
-2.00133 0.978182 -6.33708 0.977944 -0.193163 0.0794634
-1.93704 0.9802 -6.46091 0.976961 -0.204352 0.0615471
-2.00794 0.951551 -6.32733 0.977944 -0.193163 0.0794634
-1.83706 0.960228 -6.72735 0.965046 -0.213377 0.152172
-1.98219 0.9372 -6.43248 0.982091 -0.165527 0.0899865
-1.61931 0.972856 -7.20895 0.551929 0.831779 -0.0593092
-1.78197 0.917079 -6.87078 0.993463 -0.0761603 0.0850319
1.34971 -1.65592 -2.99528 -0.0350627 0.651092 0.758189
-1.72184 0.899297 -7.0716 0.99406 0.105055 0.0284189
-0.58441 0.752536 -9.16479 -0.555568 0.829865 -0.0516516
0.637056 -1.39024 -3.56794 0.0149212 0.93894 0.343757
-1.99998 0.725242 -6.48003 0.979722 -0.198971 -0.02355
0.482782 -1.40303 -3.52009 0.0147754 0.940135 0.340482
-2.0631 0.642986 -6.38253 0.970303 -0.222985 -0.0937501
-2.03192 0.622561 -6.50092 0.974149 -0.203118 -0.098881
-0.943116 0.553953 -8.67556 -0.545008 0.837269 -0.0441342
-0.365715 -0.997503 -3.6236 -0.0404393 0.747892 0.662588
0.251788 -1.21678 -4.1343 -0.00210535 0.895056 0.445948
0.192266 -1.25854 -3.92033 0.0144681 0.95202 0.305693
0.118726 -1.18279 -4.24509 -0.017045 0.879662 0.475295
-1.67183 0.538575 -7.33605 -0.44186 0.89703 0.00981539
-2.15941 0.522553 -6.19912 0.974379 -0.193912 -0.11395
-2.09794 0.520692 -6.36079 0.972766 -0.223453 -0.0616112
-2.11761 0.477105 -6.30147 0.971303 -0.227513 -0.0693487
-0.351157 -0.998134 -4.65665 -0.0880161 0.899502 0.42796
-0.514414 -0.874756 -4.86667 -0.137474 0.763927 0.630489
-1.9415 0.41071 -6.79731 0.931928 -0.362529 0.00910266
-2.0528 0.389302 -6.56835 0.939569 -0.339525 -0.043964
-0.297488 -1.24135 -4.05292 -0.0174822 0.85814 0.513117
-1.57436 0.434699 -8.35018 -0.338231 0.940681 -0.026834
-1.82955 0.293648 -7.14007 -0.564874 0.823944 -0.0450974
-2.22528 0.333331 -6.18442 0.914004 0.0238395 -0.405003
-1.117 -0.513164 -5.67134 -0.371634 0.348105 0.860646
-1.82788 0.436493 -8.14193 -0.602534 0.794488 -0.0757756
-2.021 0.2471 -6.67895 0.915499 -0.399627 -0.0464745
-1.05374 -0.729644 -5.17397 -0.133083 0.604932 0.785077
-2.14729 0.220881 -6.42846 0.967881 -0.244508 -0.0584968
-1.02549 -0.877404 -4.91293 -0.0970769 0.876546 0.471426
-2.13301 0.163952 -6.47553 0.930385 -0.353485 -0.0971183
-2.1498 0.14109 -6.4391 0.932378 -0.344036 -0.110949
-1.35132 -0.655996 -5.36393 -0.200399 0.542894 0.815541
-2.02666 -0.0863327 -6.15864 -0.288629 -0.134017 0.948015
-2.06497 0.220175 -7.69643 -0.661002 0.747458 -0.0662005
-2.2175 0.0754273 -6.3491 0.924184 -0.363378 -0.117649
-0.884729 -1.36994 -3.69256 -0.0143285 0.885172 0.465044
-1.3045 -0.900386 -4.82491 -0.110413 0.885862 0.450619
-1.52009 -0.648461 -5.44275 -0.20644 0.5764 0.790662
-2.2376 0.282442 -7.91382 -0.701629 0.709012 -0.0708416
-1.26875 -1.21591 -4.03855 -0.0320367 0.832928 0.552453
-1.67429 -0.795422 -5.11857 -0.118979 0.629541 0.767803
-2.35692 0.00998355 -7.06962 0.894373 -0.447234 -0.00879747
-1.58633 -1.16857 -4.0561 -0.0388215 0.802684 0.59514
-2.49859 -0.117172 -6.76897 0.812937 -0.563848 -0.145636
-2.51002 -0.144305 -6.7266 0.765225 -0.622582 -0.163773
-1.59536 -1.37243 -3.78376 0.0106382 0.928216 0.371891
